New Experiment:


For Cosine Similarity:

[11, 11, 16, 18, 20, 24, 25, 29, 32, 34, 36, 36, 39, 46, 47, 52, 54, 56, 62, 67, 80, 81, 83, 83, 84, 86, 95, 101, 102, 103, 106, 110, 113, 114, 115, 117, 118, 125, 125, 127, 128, 140, 144, 146, 152, 154, 158, 159, 168, 172, 172, 175, 179, 183, 184, 185, 190, 193, 200, 202, 208, 215, 222, 227, 234, 234, 239, 246, 253, 257, 258, 259, 273, 274, 277, 289, 290, 291, 294, 294, 297, 301, 309, 315, 322, 323, 328, 330, 334, 337, 339, 340, 343, 349, 350, 353, 356, 359, 360, 364, 365, 366, 372, 372, 372, 374, 375, 378, 382, 387, 389, 392, 401, 402, 406, 410, 412, 414, 414, 423, 423, 429, 431, 432, 433, 434, 434, 437, 438, 440, 441, 444, 445, 448, 449, 452, 453, 456, 456, 463, 471, 474, 479, 485, 496, 502, 503, 506, 509, 514, 514, 515, 518, 519, 526, 527, 528, 529, 530, 533, 534, 536, 539, 540, 541, 545, 550, 556, 556, 559, 561, 562, 563, 564, 564, 570, 571, 572, 575, 577, 579, 582, 585, 586, 589, 594, 600, 605, 607, 637, 637, 643, 645, 658, 659, 661, 663, 663, 664, 668, 677, 677, 677, 678, 679, 680, 683, 686, 689, 690, 691, 693, 694, 696, 697, 698, 704, 707, 709, 710, 712, 715, 715, 718, 718, 722, 723, 724, 729, 730, 733, 735, 736, 736, 744, 744, 748, 751, 752, 753, 755, 757, 757, 758, 758, 761, 763, 764, 766, 767, 771, 772, 777, 779, 782, 789, 795, 797, 798, 799, 802, 805, 806, 807, 808, 812, 812, 817, 824, 825, 833, 834, 836, 837, 839, 842, 846, 848, 848, 853, 854, 854, 855, 859, 859, 860, 865, 873, 873, 874, 877, 878, 880, 882, 882, 883, 885, 888, 890, 891, 894, 897, 905, 909, 911, 912, 913, 916, 917, 920, 923, 924, 924, 927, 931, 932, 937, 938, 938, 945, 945, 949, 953, 953, 953, 955, 959, 961, 961, 962, 962, 970, 971, 972, 976, 977, 978, 979, 979, 984, 984, 984, 986, 986, 987, 987, 990, 992, 992, 993, 993, 993, 997, 997, 997, 997, 998, 998, 1000, 1000, 1000, 1000, 1000, 1000, 1000, 1000, 1000, 1000, 1000, 1000, 1000, 1000, 1000, 1000, 1000]


349 605 855


For Cluster Preference:

[0, 0, 6, 7, 9, 9, 18, 19, 20, 20, 21, 21, 23, 25, 25, 26, 30, 32, 34, 34, 34, 34, 34, 34, 34, 34, 34, 34, 34, 34, 34, 34, 34, 34, 34, 35, 36, 36, 43, 47, 47, 49, 49, 51, 56, 59, 75, 77, 80, 83, 97, 97, 100, 101, 103, 109, 113, 117, 120, 120, 123, 123, 124, 125, 125, 132, 133, 138, 144, 149, 154, 160, 167, 186, 197, 198, 199, 202, 203, 207, 213, 223, 223, 227, 233, 238, 239, 241, 241, 248, 249, 253, 255, 263, 268, 280, 280, 282, 286, 288, 288, 291, 294, 297, 302, 309, 309, 310, 310, 310, 312, 313, 318, 319, 321, 326, 327, 327, 337, 340, 349, 351, 352, 357, 363, 371, 378, 385, 392, 392, 395, 396, 398, 406, 410, 410, 411, 412, 413, 415, 415, 417, 420, 420, 430, 433, 435, 440, 442, 442, 445, 462, 467, 469, 469, 470, 472, 473, 473, 480, 481, 481, 484, 489, 490, 494, 497, 502, 505, 505, 513, 520, 523, 527, 527, 530, 534, 536, 542, 543, 552, 552, 557, 558, 558, 558, 558, 560, 560, 564, 564, 564, 564, 568, 568, 568, 573, 574, 580, 580, 581, 581, 586, 589, 596, 596, 600, 606, 611, 611, 614, 619, 629, 637, 639, 644, 645, 654, 661, 668, 669, 670, 673, 675, 678, 683, 683, 686, 686, 690, 692, 693, 705, 707, 712, 713, 714, 717, 722, 723, 726, 727, 727, 729, 732, 736, 738, 746, 746, 754, 756, 758, 758, 758, 758, 763, 764, 764, 765, 767, 768, 768, 772, 773, 774, 779, 779, 785, 792, 798, 798, 800, 805, 806, 808, 809, 812, 813, 815, 816, 816, 821, 821, 825, 827, 827, 828, 828, 828, 833, 839, 840, 848, 849, 849, 850, 852, 861, 870, 871, 871, 876, 878, 884, 888, 889, 889, 891, 893, 899, 901, 908, 909, 911, 917, 929, 931, 932, 933, 933, 940, 940, 944, 945, 949, 951, 951, 952, 952, 952, 961, 961, 961, 965, 965, 965, 967, 973, 973, 974, 974, 974, 975, 977, 979, 979, 980, 980, 981, 981, 982, 982, 982, 982, 982, 982, 982, 982, 982, 982, 982, 984, 984, 984, 984, 984, 986, 987, 990, 991, 991, 992, 997, 997, 997]


263 560 821


For Predicted Rating:

[0, 0, 5, 7, 9, 9, 18, 19, 20, 20, 21, 21, 22, 26, 26, 27, 31, 32, 32, 32, 32, 32, 32, 32, 32, 34, 34, 34, 34, 34, 34, 34, 34, 34, 34, 36, 36, 36, 40, 46, 46, 49, 50, 50, 57, 61, 76, 77, 80, 83, 96, 96, 101, 101, 102, 110, 112, 120, 121, 123, 124, 124, 124, 124, 126, 131, 136, 138, 140, 149, 154, 164, 167, 183, 197, 198, 201, 201, 202, 204, 211, 217, 225, 226, 234, 236, 239, 241, 242, 246, 247, 253, 259, 261, 266, 281, 282, 283, 283, 284, 286, 288, 290, 296, 303, 308, 309, 309, 310, 311, 315, 315, 318, 318, 318, 326, 328, 328, 337, 350, 352, 353, 355, 358, 363, 373, 377, 377, 389, 390, 396, 397, 398, 406, 409, 409, 411, 413, 414, 415, 415, 416, 418, 423, 427, 430, 436, 439, 443, 443, 445, 466, 467, 467, 468, 469, 471, 471, 473, 480, 480, 480, 482, 485, 490, 492, 497, 499, 508, 508, 513, 520, 524, 527, 527, 528, 536, 541, 543, 543, 550, 550, 555, 556, 559, 559, 559, 560, 560, 562, 565, 565, 566, 566, 567, 569, 576, 576, 576, 581, 581, 583, 584, 588, 590, 596, 607, 608, 609, 610, 614, 620, 625, 638, 639, 642, 649, 652, 657, 666, 669, 672, 673, 678, 679, 681, 682, 682, 686, 689, 689, 694, 703, 703, 709, 713, 714, 718, 723, 726, 726, 726, 728, 730, 734, 737, 738, 742, 749, 756, 756, 756, 756, 761, 761, 762, 762, 762, 766, 767, 768, 772, 772, 772, 774, 778, 779, 786, 792, 797, 799, 802, 804, 806, 808, 808, 813, 814, 815, 815, 817, 821, 821, 824, 826, 827, 828, 828, 828, 839, 839, 840, 849, 849, 851, 851, 851, 861, 871, 871, 871, 876, 880, 884, 886, 889, 890, 894, 895, 900, 901, 908, 909, 911, 915, 929, 931, 932, 932, 935, 937, 940, 944, 944, 948, 949, 949, 951, 951, 952, 960, 961, 961, 965, 965, 965, 967, 973, 973, 974, 974, 974, 975, 977, 979, 979, 980, 980, 981, 982, 982, 982, 982, 982, 982, 982, 982, 982, 982, 982, 982, 984, 984, 984, 984, 984, 986, 987, 990, 991, 991, 992, 997, 997, 997]


261 560 821


New Experiment:


For Cosine Similarity:

[11, 11, 16, 18, 20, 24, 25, 29, 32, 34, 36, 36, 39, 46, 47, 52, 54, 56, 62, 67, 80, 81, 83, 83, 84, 86, 95, 101, 102, 103, 106, 110, 113, 114, 115, 117, 118, 125, 125, 127, 128, 140, 144, 146, 152, 154, 158, 159, 168, 172, 172, 175, 179, 183, 184, 185, 190, 193, 200, 202, 208, 215, 222, 227, 234, 234, 239, 246, 253, 257, 258, 259, 273, 274, 277, 289, 290, 291, 294, 294, 297, 301, 309, 315, 322, 323, 328, 330, 334, 337, 339, 340, 343, 349, 350, 353, 356, 359, 360, 364, 365, 366, 372, 372, 372, 374, 375, 378, 382, 387, 389, 392, 401, 402, 406, 410, 412, 414, 414, 423, 423, 429, 431, 432, 433, 434, 434, 437, 438, 440, 441, 444, 445, 448, 449, 452, 453, 456, 456, 463, 471, 474, 479, 485, 496, 502, 503, 506, 509, 514, 514, 515, 518, 519, 526, 527, 528, 529, 530, 533, 534, 536, 539, 540, 541, 545, 550, 556, 556, 559, 561, 562, 563, 564, 564, 570, 571, 572, 575, 577, 579, 582, 585, 586, 589, 594, 600, 605, 607, 637, 637, 643, 645, 658, 659, 661, 663, 663, 664, 668, 677, 677, 677, 678, 679, 680, 683, 686, 689, 690, 691, 693, 694, 696, 697, 698, 704, 707, 709, 710, 712, 715, 715, 718, 718, 722, 723, 724, 729, 730, 733, 735, 736, 736, 744, 744, 748, 751, 752, 753, 755, 757, 757, 758, 758, 761, 763, 764, 766, 767, 771, 772, 777, 779, 782, 789, 795, 797, 798, 799, 802, 805, 806, 807, 808, 812, 812, 817, 824, 825, 833, 834, 836, 837, 839, 842, 846, 848, 848, 853, 854, 854, 855, 859, 859, 860, 865, 873, 873, 874, 877, 878, 880, 882, 882, 883, 885, 888, 890, 891, 894, 897, 905, 909, 911, 912, 913, 916, 917, 920, 923, 924, 924, 927, 931, 932, 937, 938, 938, 945, 945, 949, 953, 953, 953, 955, 959, 961, 961, 962, 962, 970, 971, 972, 976, 977, 978, 979, 979, 984, 984, 984, 986, 986, 987, 987, 990, 992, 992, 993, 993, 993, 997, 997, 997, 997, 998, 998, 1000, 1000, 1000, 1000, 1000, 1000, 1000, 1000, 1000, 1000, 1000, 1000, 1000, 1000, 1000, 1000, 1000]


349 605 855


For Cluster Preference:

[0, 0, 6, 7, 9, 9, 18, 19, 20, 20, 21, 21, 23, 25, 25, 26, 30, 32, 34, 34, 34, 34, 34, 34, 34, 34, 34, 34, 34, 34, 34, 34, 34, 34, 34, 35, 36, 36, 43, 47, 47, 49, 49, 51, 56, 59, 75, 77, 80, 83, 97, 97, 100, 101, 103, 109, 113, 117, 120, 120, 123, 123, 124, 125, 125, 132, 133, 138, 144, 149, 154, 160, 167, 186, 197, 198, 199, 202, 203, 207, 213, 223, 223, 227, 233, 238, 239, 241, 241, 248, 249, 253, 255, 263, 268, 280, 280, 282, 286, 288, 288, 291, 294, 297, 302, 309, 309, 310, 310, 310, 312, 313, 318, 319, 321, 326, 327, 327, 337, 340, 349, 351, 352, 357, 363, 371, 378, 385, 392, 392, 395, 396, 398, 406, 410, 410, 411, 412, 413, 415, 415, 417, 420, 420, 430, 433, 435, 440, 442, 442, 445, 462, 467, 469, 469, 470, 472, 473, 473, 480, 481, 481, 484, 489, 490, 494, 497, 502, 505, 505, 513, 520, 523, 527, 527, 530, 534, 536, 542, 543, 552, 552, 557, 558, 558, 558, 558, 560, 560, 564, 564, 564, 564, 568, 568, 568, 573, 574, 580, 580, 581, 581, 586, 589, 596, 596, 600, 606, 611, 611, 614, 619, 629, 637, 639, 644, 645, 654, 661, 668, 669, 670, 673, 675, 678, 683, 683, 686, 686, 690, 692, 693, 705, 707, 712, 713, 714, 717, 722, 723, 726, 727, 727, 729, 732, 736, 738, 746, 746, 754, 756, 758, 758, 758, 758, 763, 764, 764, 765, 767, 768, 768, 772, 773, 774, 779, 779, 785, 792, 798, 798, 800, 805, 806, 808, 809, 812, 813, 815, 816, 816, 821, 821, 825, 827, 827, 828, 828, 828, 833, 839, 840, 848, 849, 849, 850, 852, 861, 870, 871, 871, 876, 878, 884, 888, 889, 889, 891, 893, 899, 901, 908, 909, 911, 917, 929, 931, 932, 933, 933, 940, 940, 944, 945, 949, 951, 951, 952, 952, 952, 961, 961, 961, 965, 965, 965, 967, 973, 973, 974, 974, 974, 975, 977, 979, 979, 980, 980, 981, 981, 982, 982, 982, 982, 982, 982, 982, 982, 982, 982, 982, 984, 984, 984, 984, 984, 986, 987, 990, 991, 991, 992, 997, 997, 997]


263 560 821


For Predicted Rating:

[0, 0, 5, 7, 9, 9, 18, 19, 20, 20, 21, 21, 22, 26, 26, 27, 31, 32, 32, 32, 32, 32, 32, 32, 32, 34, 34, 34, 34, 34, 34, 34, 34, 34, 34, 36, 36, 36, 40, 46, 46, 49, 50, 50, 57, 61, 76, 77, 80, 83, 96, 96, 101, 101, 102, 110, 112, 120, 121, 123, 124, 124, 124, 124, 126, 131, 136, 138, 140, 149, 154, 164, 167, 183, 197, 198, 201, 201, 202, 204, 211, 217, 225, 226, 234, 236, 239, 241, 242, 246, 247, 253, 259, 261, 266, 281, 282, 283, 283, 284, 286, 288, 290, 296, 303, 308, 309, 309, 310, 311, 315, 315, 318, 318, 318, 326, 328, 328, 337, 350, 352, 353, 355, 358, 363, 373, 377, 377, 389, 390, 396, 397, 398, 406, 409, 409, 411, 413, 414, 415, 415, 416, 418, 423, 427, 430, 436, 439, 443, 443, 445, 466, 467, 467, 468, 469, 471, 471, 473, 480, 480, 480, 482, 485, 490, 492, 497, 499, 508, 508, 513, 520, 524, 527, 527, 528, 536, 541, 543, 543, 550, 550, 555, 556, 559, 559, 559, 560, 560, 562, 565, 565, 566, 566, 567, 569, 576, 576, 576, 581, 581, 583, 584, 588, 590, 596, 607, 608, 609, 610, 614, 620, 625, 638, 639, 642, 649, 652, 657, 666, 669, 672, 673, 678, 679, 681, 682, 682, 686, 689, 689, 694, 703, 703, 709, 713, 714, 718, 723, 726, 726, 726, 728, 730, 734, 737, 738, 742, 749, 756, 756, 756, 756, 761, 761, 762, 762, 762, 766, 767, 768, 772, 772, 772, 774, 778, 779, 786, 792, 797, 799, 802, 804, 806, 808, 808, 813, 814, 815, 815, 817, 821, 821, 824, 826, 827, 828, 828, 828, 839, 839, 840, 849, 849, 851, 851, 851, 861, 871, 871, 871, 876, 880, 884, 886, 889, 890, 894, 895, 900, 901, 908, 909, 911, 915, 929, 931, 932, 932, 935, 937, 940, 944, 944, 948, 949, 949, 951, 951, 952, 960, 961, 961, 965, 965, 965, 967, 973, 973, 974, 974, 974, 975, 977, 979, 979, 980, 980, 981, 982, 982, 982, 982, 982, 982, 982, 982, 982, 982, 982, 982, 984, 984, 984, 984, 984, 986, 987, 990, 991, 991, 992, 997, 997, 997]


261 560 821


New Experiment:


For Cosine Similarity:

[12, 16, 18, 22, 25, 27, 29, 33, 37, 51, 69, 73, 83, 89, 90, 105, 106, 110, 128, 129, 131, 132, 133, 141, 146, 164, 179, 180, 183, 183, 186, 195, 195, 197, 200, 204, 214, 216, 219, 228, 240, 247, 260, 272, 275, 275, 283, 285, 289, 293, 293, 300, 314, 331, 334, 344, 352, 363, 363, 364, 369, 371, 374, 376, 380, 382, 394, 400, 410, 417, 417, 426, 431, 432, 440, 452, 454, 469, 477, 486, 487, 489, 495, 507, 520, 529, 529, 542, 546, 547, 547, 551, 554, 558, 561, 567, 569, 569, 574, 582, 588, 590, 593, 595, 601, 604, 606, 607, 614, 617, 618, 627, 634, 635, 638, 642, 647, 652, 660, 662, 663, 664, 665, 666, 673, 676, 676, 676, 680, 681, 685, 686, 698, 701, 702, 704, 704, 707, 712, 719, 720, 721, 724, 726, 729, 749, 749, 750, 756, 759, 760, 786, 788, 792, 793, 806, 807, 810, 812, 827, 829, 830, 835, 836, 839, 839, 841, 843, 849, 852, 857, 857, 858, 862, 864, 866, 867, 868, 877, 883, 892, 898, 905, 905, 912, 915, 917, 917, 919, 924, 928, 931, 932, 932, 936, 936, 939, 940, 946, 950, 951, 952, 961, 971, 980, 980, 981, 985, 987, 997, 997, 1000, 1000, 1000, 1000, 1000, 1000, 1000, 1000, 1000, 1000, 1000, 1000, 1000, 1000, 1000, 1000]


352 635 857


For Cluster Preference:

[0, 1, 9, 9, 9, 18, 21, 26, 30, 32, 34, 34, 34, 34, 34, 34, 34, 34, 34, 34, 34, 34, 34, 34, 34, 34, 36, 36, 43, 43, 56, 78, 80, 83, 101, 103, 125, 138, 167, 180, 196, 199, 199, 206, 207, 227, 227, 238, 241, 251, 255, 286, 288, 291, 295, 297, 302, 309, 310, 313, 318, 321, 336, 337, 337, 337, 340, 352, 371, 390, 398, 406, 406, 410, 410, 411, 412, 417, 420, 420, 430, 433, 435, 437, 437, 442, 444, 452, 462, 470, 473, 481, 481, 481, 490, 491, 497, 497, 505, 505, 523, 523, 526, 526, 536, 536, 543, 557, 557, 558, 560, 568, 568, 568, 575, 580, 580, 581, 581, 586, 586, 588, 596, 600, 606, 612, 612, 614, 629, 645, 668, 668, 670, 673, 686, 693, 696, 707, 720, 722, 723, 726, 727, 727, 728, 728, 729, 732, 735, 735, 736, 746, 768, 772, 773, 774, 775, 775, 792, 798, 798, 800, 806, 813, 813, 821, 821, 825, 827, 828, 828, 828, 839, 840, 846, 850, 852, 856, 858, 858, 861, 870, 871, 876, 888, 889, 891, 893, 893, 908, 909, 911, 915, 932, 933, 933, 940, 940, 946, 951, 951, 954, 958, 961, 961, 965, 965, 965, 974, 975, 975, 977, 977, 979, 979, 980, 980, 981, 982, 982, 982, 982, 982, 984, 986, 986, 996]


302 568 828


For Predicted Rating:

[0, 1, 9, 9, 9, 18, 21, 27, 31, 32, 32, 32, 32, 32, 32, 32, 34, 34, 34, 34, 34, 34, 34, 34, 34, 34, 36, 36, 40, 40, 57, 78, 81, 83, 101, 102, 124, 137, 167, 182, 197, 197, 199, 202, 208, 220, 225, 236, 239, 252, 256, 283, 284, 287, 291, 294, 302, 308, 311, 315, 318, 319, 334, 336, 336, 338, 349, 358, 373, 387, 396, 406, 408, 409, 409, 411, 413, 413, 418, 421, 427, 431, 436, 436, 438, 441, 443, 454, 467, 471, 471, 481, 481, 484, 488, 492, 499, 499, 508, 508, 521, 524, 525, 526, 537, 543, 543, 553, 559, 559, 560, 565, 565, 566, 576, 577, 580, 581, 581, 583, 584, 590, 592, 605, 607, 612, 612, 615, 626, 649, 665, 668, 668, 673, 682, 689, 701, 703, 721, 721, 723, 726, 726, 726, 728, 728, 729, 732, 734, 738, 738, 742, 770, 772, 772, 775, 775, 775, 791, 797, 799, 802, 805, 814, 814, 821, 821, 823, 826, 828, 828, 828, 837, 840, 847, 851, 852, 856, 856, 857, 861, 871, 871, 876, 887, 889, 894, 895, 895, 908, 909, 911, 912, 932, 932, 935, 940, 940, 946, 949, 951, 954, 959, 960, 961, 965, 965, 965, 974, 975, 975, 977, 977, 979, 979, 980, 980, 981, 982, 982, 982, 982, 982, 984, 986, 986, 996]


302 566 828


New Experiment:


For Cosine Similarity:

[8, 10, 20, 29, 31, 33, 37, 38, 41, 56, 79, 81, 92, 94, 103, 122, 135, 136, 151, 153, 164, 169, 170, 171, 171, 187, 217, 225, 227, 229, 231, 233, 234, 237, 248, 251, 252, 259, 280, 282, 292, 302, 310, 311, 312, 319, 319, 330, 334, 335, 339, 346, 349, 380, 384, 387, 389, 400, 402, 408, 410, 421, 424, 428, 430, 431, 441, 445, 458, 458, 459, 469, 471, 474, 478, 485, 488, 506, 513, 517, 528, 534, 541, 552, 567, 568, 571, 575, 580, 581, 585, 590, 591, 594, 600, 600, 603, 610, 615, 622, 625, 630, 633, 634, 635, 637, 638, 642, 643, 645, 651, 662, 664, 666, 671, 671, 678, 692, 693, 694, 696, 698, 701, 703, 709, 709, 710, 713, 719, 719, 721, 729, 732, 732, 733, 734, 738, 747, 751, 752, 752, 753, 761, 774, 776, 776, 780, 781, 787, 787, 789, 801, 808, 824, 828, 832, 842, 845, 846, 864, 871, 874, 876, 877, 878, 882, 884, 885, 886, 887, 891, 891, 895, 896, 896, 899, 902, 904, 909, 915, 917, 917, 920, 926, 926, 928, 933, 935, 936, 938, 943, 944, 945, 947, 950, 952, 952, 954, 960, 960, 961, 962, 962, 977, 981, 981, 982, 986, 987, 999, 999, 1000, 1000, 1000, 1000, 1000, 1000, 1000, 1000, 1000, 1000, 1000, 1000, 1000, 1000, 1000, 1000]


389 666 891


For Cluster Preference:

[3, 4, 8, 8, 8, 13, 18, 22, 23, 26, 28, 28, 28, 28, 28, 28, 28, 28, 28, 28, 28, 28, 28, 28, 28, 28, 32, 32, 39, 39, 57, 68, 68, 71, 84, 87, 112, 125, 156, 171, 187, 200, 201, 207, 208, 225, 225, 239, 247, 264, 268, 292, 294, 295, 297, 298, 306, 312, 313, 320, 328, 330, 337, 338, 339, 339, 339, 346, 368, 378, 391, 401, 403, 409, 410, 413, 413, 418, 421, 421, 435, 443, 446, 447, 449, 450, 458, 467, 478, 489, 496, 507, 507, 507, 514, 515, 527, 527, 536, 536, 536, 548, 550, 553, 553, 564, 565, 577, 577, 577, 585, 594, 594, 594, 603, 603, 605, 605, 605, 611, 613, 616, 622, 625, 630, 639, 639, 646, 658, 663, 681, 681, 683, 686, 701, 709, 713, 715, 745, 746, 746, 758, 758, 758, 760, 760, 762, 766, 769, 773, 774, 775, 786, 802, 806, 808, 808, 809, 823, 828, 828, 831, 833, 835, 835, 851, 851, 852, 857, 858, 859, 860, 863, 871, 873, 879, 881, 883, 886, 886, 889, 901, 901, 913, 930, 931, 933, 934, 934, 943, 946, 946, 950, 958, 958, 959, 962, 962, 967, 972, 974, 977, 982, 982, 982, 983, 983, 983, 985, 985, 985, 987, 987, 987, 987, 987, 987, 987, 987, 987, 987, 988, 990, 991, 992, 992, 994]


306 594 860


For Predicted Rating:

[3, 4, 8, 8, 8, 13, 18, 22, 24, 26, 26, 26, 26, 26, 26, 26, 27, 27, 27, 27, 27, 27, 27, 27, 27, 27, 32, 32, 39, 39, 56, 68, 70, 71, 83, 85, 110, 124, 155, 171, 187, 195, 200, 206, 207, 224, 226, 239, 245, 264, 268, 289, 290, 291, 294, 295, 303, 309, 313, 320, 328, 329, 337, 337, 337, 339, 343, 350, 368, 376, 386, 400, 407, 409, 409, 412, 413, 414, 419, 425, 432, 437, 446, 448, 449, 450, 454, 469, 484, 492, 494, 507, 507, 508, 512, 514, 529, 532, 536, 537, 537, 549, 549, 551, 553, 564, 571, 575, 580, 581, 586, 593, 593, 593, 603, 603, 603, 603, 605, 606, 607, 617, 619, 628, 631, 640, 640, 643, 651, 663, 680, 682, 682, 685, 698, 707, 713, 721, 745, 746, 746, 755, 755, 757, 760, 761, 762, 766, 770, 770, 775, 775, 782, 803, 803, 806, 808, 809, 821, 828, 829, 829, 832, 835, 835, 851, 852, 852, 855, 859, 859, 859, 862, 869, 873, 879, 880, 884, 884, 887, 888, 901, 902, 914, 929, 930, 934, 934, 934, 943, 946, 946, 948, 958, 958, 959, 962, 962, 967, 972, 974, 977, 982, 982, 982, 983, 983, 983, 985, 985, 985, 987, 987, 987, 987, 987, 987, 987, 987, 987, 987, 988, 990, 991, 992, 992, 994]


303 593 859


New Experiment:


For Cosine Similarity:

[14, 15, 17, 18, 25, 30, 40, 41, 57, 61, 66, 80, 84, 85, 104, 108, 111, 111, 113, 116, 120, 122, 137, 138, 146, 149, 171, 172, 175, 182, 193, 206, 210, 214, 216, 227, 227, 228, 232, 235, 250, 251, 252, 258, 260, 279, 281, 297, 301, 305, 315, 318, 335, 342, 343, 345, 358, 359, 361, 366, 369, 371, 397, 402, 409, 409, 423, 450, 451, 457, 462, 466, 473, 476, 480, 483, 496, 497, 498, 499, 507, 508, 509, 511, 514, 523, 523, 529, 530, 533, 541, 542, 545, 548, 551, 551, 553, 556, 557, 576, 581, 582, 593, 593, 602, 604, 607, 610, 610, 610, 612, 613, 626, 640, 644, 649, 652, 665, 666, 666, 672, 672, 676, 681, 683, 684, 684, 688, 694, 695, 701, 701, 704, 704, 706, 706, 713, 714, 715, 716, 726, 732, 746, 746, 746, 749, 755, 756, 761, 765, 767, 768, 775, 782, 786, 786, 790, 797, 806, 810, 812, 818, 825, 828, 829, 837, 849, 849, 853, 853, 859, 862, 867, 872, 874, 875, 878, 889, 889, 891, 896, 899, 902, 902, 903, 903, 903, 909, 910, 910, 910, 915, 916, 918, 924, 926, 928, 931, 936, 937, 952, 954, 957, 963, 965, 967, 977, 982, 994, 996, 997, 1000, 1000, 1000, 1000, 1000, 1000, 1000, 1000, 1000, 1000, 1000, 1000, 1000, 1000, 1000, 1000]


358 640 862


For Cluster Preference:

[0, 0, 1, 1, 7, 17, 17, 20, 26, 30, 31, 33, 33, 40, 71, 76, 78, 86, 95, 103, 108, 110, 118, 121, 125, 126, 134, 140, 166, 177, 182, 182, 182, 182, 182, 182, 182, 182, 182, 182, 182, 182, 182, 182, 182, 182, 184, 186, 192, 200, 212, 213, 219, 228, 229, 231, 231, 235, 238, 252, 253, 253, 256, 260, 266, 277, 286, 293, 305, 317, 325, 337, 337, 343, 350, 353, 353, 355, 357, 375, 378, 380, 381, 386, 387, 390, 392, 410, 414, 426, 443, 444, 449, 454, 459, 461, 464, 467, 468, 468, 468, 475, 477, 489, 492, 492, 492, 500, 506, 506, 513, 513, 515, 524, 531, 546, 557, 561, 561, 565, 565, 565, 565, 565, 566, 571, 586, 598, 626, 634, 646, 655, 657, 662, 672, 687, 694, 697, 699, 707, 707, 724, 726, 728, 739, 764, 768, 768, 784, 790, 791, 795, 805, 811, 813, 820, 823, 824, 837, 847, 849, 852, 864, 870, 871, 872, 874, 883, 884, 885, 887, 889, 891, 898, 900, 906, 906, 912, 914, 914, 914, 918, 919, 920, 921, 925, 925, 926, 931, 934, 935, 935, 936, 936, 936, 937, 953, 956, 957, 969, 969, 972, 976, 977, 978, 978, 981, 981, 982, 982, 986, 986, 986, 986, 987, 988, 989, 990, 990, 990, 992, 992, 994, 996, 996, 997, 998]


231 524 889


For Predicted Rating:

[1, 1, 2, 3, 5, 7, 8, 10, 10, 10, 10, 10, 10, 11, 12, 12, 12, 12, 12, 12, 12, 12, 13, 13, 15, 15, 15, 15, 15, 16, 19, 20, 21, 24, 24, 24, 32, 33, 35, 37, 37, 42, 46, 48, 50, 51, 51, 52, 53, 53, 55, 58, 58, 60, 62, 65, 70, 72, 80, 83, 86, 90, 92, 93, 94, 100, 100, 104, 105, 107, 110, 115, 123, 127, 128, 129, 152, 153, 162, 163, 187, 188, 192, 194, 205, 205, 207, 209, 212, 218, 221, 228, 230, 233, 234, 235, 237, 244, 251, 251, 255, 257, 261, 266, 276, 276, 282, 284, 301, 305, 306, 311, 320, 326, 328, 331, 333, 333, 334, 335, 339, 341, 346, 349, 360, 363, 363, 369, 390, 391, 401, 410, 415, 417, 425, 428, 451, 452, 454, 472, 473, 476, 481, 497, 527, 538, 540, 540, 542, 543, 546, 552, 553, 556, 568, 569, 569, 575, 575, 581, 586, 600, 615, 624, 626, 628, 635, 635, 637, 638, 640, 643, 651, 691, 698, 699, 702, 722, 726, 733, 738, 738, 738, 760, 760, 776, 788, 788, 795, 806, 820, 830, 831, 838, 841, 846, 852, 857, 859, 862, 864, 871, 877, 884, 891, 897, 897, 900, 903, 903, 903, 904, 912, 918, 922, 926, 927, 928, 940, 952, 960, 962, 973, 974, 980, 980, 996]


70 326 643


New Experiment:


For Cosine Similarity:

[13, 14, 20, 21, 24, 27, 37, 48, 63, 64, 70, 75, 79, 83, 100, 103, 104, 107, 109, 116, 117, 127, 129, 138, 143, 148, 161, 165, 168, 175, 187, 191, 195, 197, 199, 208, 209, 211, 221, 225, 229, 230, 233, 238, 248, 253, 254, 274, 289, 294, 295, 301, 316, 319, 328, 330, 331, 339, 340, 349, 351, 354, 384, 387, 389, 393, 400, 429, 430, 432, 435, 435, 451, 451, 451, 457, 464, 474, 476, 480, 481, 481, 483, 485, 497, 498, 500, 504, 508, 513, 519, 522, 523, 523, 528, 533, 534, 534, 535, 552, 558, 562, 574, 579, 584, 586, 598, 598, 599, 602, 602, 604, 620, 625, 630, 636, 639, 643, 652, 658, 658, 658, 661, 666, 668, 669, 671, 674, 674, 678, 685, 690, 692, 692, 694, 694, 695, 700, 709, 712, 719, 722, 725, 730, 730, 732, 735, 738, 741, 743, 746, 747, 761, 765, 767, 770, 775, 782, 791, 793, 802, 804, 805, 811, 812, 821, 830, 833, 837, 840, 845, 849, 850, 861, 863, 864, 865, 881, 888, 888, 889, 892, 894, 895, 897, 897, 899, 899, 901, 903, 906, 907, 908, 924, 927, 933, 933, 937, 940, 941, 953, 961, 962, 965, 968, 973, 983, 987, 997, 1000, 1000, 1000, 1000, 1000, 1000, 1000, 1000, 1000, 1000, 1000, 1000, 1000, 1000, 1000, 1000, 1000, 1000]


331 625 849


For Cluster Preference:

[0, 0, 0, 0, 9, 24, 25, 26, 29, 30, 32, 35, 36, 51, 72, 77, 78, 91, 100, 107, 114, 116, 125, 125, 128, 132, 143, 145, 167, 191, 193, 193, 193, 193, 193, 193, 193, 193, 193, 193, 193, 193, 193, 193, 193, 193, 194, 199, 206, 219, 229, 232, 242, 243, 245, 247, 247, 251, 261, 274, 275, 275, 278, 280, 284, 288, 299, 305, 314, 325, 331, 336, 336, 337, 341, 342, 342, 346, 349, 364, 368, 372, 373, 377, 378, 379, 382, 408, 412, 422, 442, 445, 449, 452, 459, 463, 466, 467, 468, 468, 470, 479, 480, 494, 496, 497, 497, 503, 514, 514, 522, 522, 524, 539, 552, 570, 578, 585, 585, 587, 588, 588, 588, 589, 589, 595, 610, 619, 648, 651, 665, 668, 668, 673, 684, 703, 705, 710, 714, 722, 722, 734, 737, 737, 744, 773, 783, 783, 795, 801, 801, 801, 802, 809, 809, 820, 820, 821, 835, 849, 850, 852, 856, 859, 859, 864, 864, 875, 879, 881, 881, 883, 886, 895, 896, 904, 905, 917, 921, 924, 924, 926, 927, 929, 932, 934, 934, 935, 942, 945, 946, 947, 947, 948, 948, 948, 960, 961, 965, 974, 974, 976, 980, 981, 981, 982, 983, 983, 983, 985, 988, 988, 988, 988, 988, 988, 988, 989, 991, 992, 994, 994, 994, 995, 995, 995, 996]


247 539 883


For Predicted Rating:

[0, 2, 5, 5, 20, 21, 21, 32, 38, 44, 49, 54, 73, 73, 79, 84, 88, 90, 91, 94, 95, 116, 118, 121, 129, 144, 145, 148, 162, 174, 175, 178, 181, 196, 200, 205, 208, 210, 218, 219, 223, 228, 241, 242, 248, 260, 286, 287, 288, 297, 299, 299, 300, 338, 342, 345, 354, 355, 363, 368, 368, 370, 372, 387, 406, 408, 413, 420, 422, 422, 432, 438, 444, 455, 460, 461, 476, 481, 482, 482, 482, 484, 487, 498, 503, 514, 520, 522, 528, 529, 530, 534, 542, 546, 548, 550, 554, 561, 570, 573, 583, 584, 588, 590, 609, 614, 616, 634, 635, 638, 646, 658, 662, 685, 687, 690, 693, 696, 697, 698, 702, 703, 711, 733, 743, 747, 756, 758, 760, 760, 760, 761, 762, 763, 769, 771, 772, 774, 776, 804, 812, 820, 826, 827, 828, 829, 832, 835, 838, 841, 848, 863, 866, 869, 872, 875, 890, 892, 896, 896, 898, 908, 911, 914, 922, 924, 924, 927, 929, 934, 934, 935, 935, 938, 938, 938, 939, 940, 940, 947, 948, 950, 950, 953, 956, 957, 957, 957, 957, 958, 958, 958, 958, 958, 958, 959, 959, 959, 964, 971, 973, 982, 982, 982, 983, 983, 984, 984, 984, 984, 986, 987, 987, 988, 988, 989, 989, 989, 989, 990, 993, 993, 993, 995, 996, 996, 996]


354 685 935


