0.5516214708833906 3.102822512993336 5
0.36664083558138905 3.194455970813525 4
0.4900702077699378 3.2226491061070135 5
0.061597732811272676 3.546679963162913 5
0.36122892134001694 3.4379047803798244 4
0.061597732811272676 3.546679963162913 4
0.36862667486756684 2.930386480639361 4
0.3912923052161881 3.016595364239214 4
0.5529947555603859 3.505816159988516 3
0.061597732811272676 3.546679963162913 5
0.1127282103857219 2.1734762676812727 4
0.5584706757665295 3.1216631032703015 5
0.36108786114394864 3.0993242230597837 5
0.4211399452346569 3.477434118403504 5
0.38524331458490213 3.468949408105989 3
0.4439305193923351 3.010694450794055 2
0.45464135518853954 3.1702112784295027 4
0.4603819810627745 3.1646177914591767 3
0.5024569009528908 2.9104201694816902 3
0.35374987371993827 2.771134369830417 1
0.32017675835747195 2.566055780200105 4
0.3927625193361668 2.9480711567689775 4
0.4563673035471172 3.573065693501397 2
0.47866308230955223 2.725155303813645 5
0.3643040412685805 2.9611757462355333 4
0.3968352593384017 2.7802131309683933 2
0.47888936314548425 2.9368906071730487 4
0.09081865909074782 3.546679963162913 4
0.4620449723291691 2.8144787388051262 5
0.43387717177886054 3.292432269391268 3
0.0299764230990478 3.546679963162913 3
0.0299764230990478 3.546679963162913 2
0.0299764230990478 3.546679963162913 2
0.23197786996851366 1.4675246265098625 3
0.3443181124942467 3.277048552927718 3
0.37250319967647694 3.596785746143358 4
0.4572262043570824 3.1571901610752247 3
0.0299764230990478 3.546679963162913 3
0.06588358558862373 2.556595360575643 4
0.30600973869848036 1.977635313570427 3
0.37154990625755546 2.962618682738633 3
0.0299764230990478 3.546679963162913 2
0.3566165094972247 2.8432586597604175 3
0.053748418099918815 2.495185155525592 3
0.33516722666507714 3.136131861383884 3
0.2735956432124732 3.5109751979172867 5
0.37034589017134123 3.2465683935220064 4
0.4672082658287493 3.076175143204725 5
0.3304477122258711 3.2548834937900626 5
0.259293324484837 3.2975790478461744 4
0.5285859013274947 2.9367174054401284 3
0.563426130158478 3.1175650909103725 4
0.27477247053927645 2.824507317288751 4
0.3883145840228832 3.1804779565411514 5
0.5146073833072208 3.0098425370878057 4
0.5343327560629691 3.137552083755931 2
0.5371223156734725 3.1209807097125486 4
0.543866856737658 3.0655520106196747 5
0.5468428703976645 2.876422991319664 4
0.5401265678784987 3.1604979836521925 4
0.40929402143634086 2.7639421913156648 3
0.18073700454363684 3.546679963162913 5
0.40765103930370694 3.1449272873416625 5
0.3859719180496515 2.922977768192013 4
0.4629141573958193 3.1044783167384478 3
0.32144018424565446 2.8314327667606403 3
0.42380680960737926 2.6323897205314943 3
0.4348706776996448 3.197190433561806 4
0.4983056475467289 2.975923492003093 4
0.4295053023654649 3.1001336664160966 4
0.18073700454363684 3.546679963162913 3
0.3594204422231778 2.657373495196575 4
0.539327908222127 2.988977832595105 4
0.45279904099759327 2.9644146065238544 4
0.5049598518199758 2.8848219535344737 4
0.37054471919587273 3.2205485890608134 4
0.394160984790652 2.9447673027002312 3
0.40670077235648594 2.6200259124931686 4
0.13831065666111642 3.546679963162913 4
0.4373706039322469 3.1083527489982674 4
0.3994357749584956 2.9472500125079617 4
0.3966251484328148 3.227395668827942 4
0.38315406156819587 3.273149694885077 4
0.35682400353180466 2.7060623319718498 5
0.4107457238483877 3.319532604468465 5
0.3910818696036372 3.263645066024503 5
0.41976961925948597 3.196220368828151 4
0.3587670020465237 2.9319531079137886 4
0.3668284432003569 3.3197827727566467 4
0.3883726018874105 3.2987761697683307 5
0.4624168653084104 2.681584524179238 3
0.38715728266939853 2.9011901608380266 3
0.4007342584267106 3.3870651884903036 3
0.45316398929693713 3.1977076353761684 4
0.4817052504342807 3.213436618263197 3
0.4012303714149692 2.9729664537750007 3
0.4298242383961368 3.287900478393618 3
0.3715083431046312 3.0899923010684516 3
0.3725595564363362 3.181697181552994 3
0.46265894809176633 3.3066078905661866 3
0.4502259514306932 3.3330948679377976 4
0.41952655954521156 3.3792715226725583 5
0.4791887084440223 3.171563214499841 3
0.37234468549942534 3.0089626338334967 3
0.3420415645242456 2.958731684694229 2
0.4309131228931058 3.4421633526286457 5
0.3818715427958499 2.9908490836672117 5
0.32108656532892454 3.1533861568071564 4
0.3394418239495134 3.225405149520122 4
0.4123936921376268 2.9867394959714413 4
0.3530716551540364 3.3201247727755834 5
0.29839421962866064 2.9358539176008835 5
0.09603995766347118 3.546679963162913 5
0.4766080074100607 3.0088108471419166 5
0.09603995766347118 3.546679963162913 5
0.09603995766347118 3.546679963162913 5
0.46608041248436605 2.7052843207119235 4
0.4757344825987452 3.1866409569947676 5
0.09603995766347118 3.546679963162913 4
0.4621394402638248 3.2305858530689773 5
0.39184294811713594 2.9474334680955057 5
0.3649017828141031 3.021833306138723 5
0.45883819747319765 3.2083132054687202 4
0.48526524759989886 3.189416089175915 5
0.4122479937808058 3.4121679390998914 4
0.44561959889563507 3.205892537968881 3
0.4174731450257245 3.0117516205477277 3
0.4689077517939747 2.7216872793595477 2
0.4899396690942759 3.5132179958718046 3
0.5153306104874291 3.3464427489940727 5
0.40657244370365175 3.2479037010655762 4
0.47597967676470865 2.9510520674132814 4
0.358791813659437 3.23835423736511 5
0.4535352130784096 3.315724769248543 5
0.432902286443718 3.113657898090093 5
0.49977657638949946 3.0405057251467884 4
0.3460766847023249 2.74447596942461 4
0.6526645678996731 2.907562152247895 5
0.4501292015516738 2.538262849528843 3
0.386296031476819 2.7445656075973783 4
0.5345433911744144 3.116965434704166 4
0.39926969721107197 3.20762428698393 4
0.4711643751601564 3.265335154600452 4
0.10194894108615848 3.546679963162913 4
0.5075616683316142 3.2261653012294182 3
0.5264262442760321 3.404165547770257 4
0.5696413080516648 2.896962818174723 4
0.6442587295783444 3.0606626488391835 4
0.4275161958714577 3.3016559987655105 4
0.5086815464759216 3.4206246729258964 4
0.4637594049432836 3.197852448237913 4
0.4040867634297226 2.976464918659892 4
0.44599265919835973 2.681458103932301 5
0.44639899506574165 2.738548202048524 5
0.3908484283233482 3.1273074466890343 4
0.3712881799120258 3.1245775121891537 5
0.4644892441956283 2.9774424010701717 4
0.4259758930444175 3.3722185294488445 5
0.39711842043963586 2.9256926374801058 5
0.41767459453317457 3.019630655012577 4
0.45940763928857553 2.9046898282524856 4
0.381681781969042 3.0451732484621408 5
0.5037652375141755 3.1880956831737914 5
0.4557578400673825 3.344500557076722 5
0.41299587923622805 3.0369051946288215 4
0.36613468650708625 2.7248327031247106 4
0.35885030122284345 3.255714333023716 5
0.26988221303102233 3.328444706927002 2
0.47820838334717175 3.127198425423407 1
-0.03404871665885545 3.546679963162913 3
0.36057364802214775 3.134707677660638 4
0.293599400947972 3.0903005170786564 3
0.4395301967780727 2.91914086342933 1
0.2849755818641657 3.214645674518822 5
0.34090360452193424 3.155139296794719 4
0.447578993904416 3.2926090240692383 3
0.4979317177111565 3.1693540217475107 5
-0.03404871665885545 3.546679963162913 5
0.3179042475459831 3.1713105044999743 5
0.28431311482818655 3.082200208402808 5
0.35795419831363384 2.961447061736634 5
0.5177377747259424 2.797961528994002 5
0.45748282169172505 3.247827131289996 5
0.46172418514904234 2.890168382265534 5
0.13625500887070385 3.546679963162913 4
0.49005146291302015 3.4044965778933918 5
0.3449613368305928 2.8741077055620163 5
0.3882319622050402 3.1708418705429455 5
0.41104183522855586 3.4363681327618534 5
0.4027645304118399 3.1283929585765837 5
0.45918811131657256 3.146235408355491 5
0.592277560182373 3.2307046769800882 5
0.43113790041427336 3.2367554152572553 5
0.48372263664628745 3.359907317253959 4
0.44461439887591314 3.1201739968641586 4
0.4518575190902425 3.197808461203163 5
0.4199590394556689 3.12854756399203 4
0.38657009676110965 2.3889732746024075 3
0.46365446750627237 2.9142899936304523 5
0.358081990909099 2.855853526706128 4
0.433143858212959 2.8261412066846785 4
0.48268154944534425 3.15682252773424 3
0.4279603676441094 3.3963821402130323 4
0.4564940952144074 2.689682119202788 4
0.4195434553270876 3.306561674387501 4
0.48319221666543066 3.260818964672564 4
0.4476788711014035 2.892316903287024 5
0.3972106273338978 2.705018650073617 4
0.3651417531739415 2.905667680146573 5
0.4028079166922034 3.2862221891663896 4
0.20061922348551553 3.546679963162913 4
0.45776960820155144 3.4238004988723594 5
0.3590034678112809 2.67402586041355 5
0.36766181886280114 3.1166340496835154 4
0.2873337771751616 3.0550029958117273 4
0.6092440177466646 2.9010838890045187 4
0.6156222595370253 2.98087108980525 4
0.6397647005077303 3.1186857194900663 5
0.6132515894083348 2.904211525195179 4
0.3433858477956271 2.9936729636698196 3
0.37603246684805247 2.820979598172979 4
0.5913424546092275 2.8265287424468304 4
0.3591553224857893 2.902370275235317 4
0.366845525992191 2.8447000184319275 1
0.4694751271441837 3.3412748106357433 3
0.3274320667644419 3.2496471096352484 4
0.32201560524642725 3.432238339217548 3
0.2090341376770931 2.6469855644047295 3
0.3610582851893227 3.1702101592104412 4
0.33700182853674 2.930708704450844 3
0.36997873045517626 2.9255490743953327 4
0.020585487894611898 3.546679963162913 3
0.2537827106010152 2.8539483530529384 5
0.27814068027738426 2.885360440421604 3
0.5364532820956751 2.939926462188348 3
0.40592255411537614 3.141720517979581 3
0.24558654146299808 2.76844527390092 3
0.2642256095015435 3.2728965292836927 4
0.3287266478684896 3.032503635593318 5
0.41300811831770945 3.1143494374291283 4
0.49042155073807114 3.045332281477816 4
0.4698455480589472 3.0177084907723066 4
0.339879648550808 2.9410061790608615 3
0.42273317671457566 3.171867476450793 4
0.40748448965849426 3.120955844976853 5
0.4318038739328036 2.925711458579153 5
0.47006742459572026 3.266100776725393 4
0.3541183100231253 2.782009718646927 3
0.4364892338268185 3.276704587469313 1
0.44700825846526104 3.224915130832912 4
0.43693861135338596 3.25179335539349 3
0.39831126420992946 2.5731393663816706 3
0.31388917625198276 2.6788617612809618 3
0.4151071559533135 2.986858171362022 3
0.37930950962546517 2.9699010572956857 4
0.5168371163553949 2.908195628332583 4
0.5823876646943844 2.754461854996045 4
0.5007967606696264 3.1926114929529796 4
0.5084422967331405 2.8487545259649663 4
0.5598815638025524 2.4533529308484296 4
0.5804316981641623 3.0400041400466824 4
0.5350021539747699 2.591251403508311 4
0.491254512611107 2.386016915504711 5
0.5353585357051313 2.7314606548383185 4
0.5336868652937128 2.3654469026114135 3
0.4723048613547338 2.2719983455581096 4
0.3739346943088646 2.5247347845304215 4
0.500050837489051 3.226302379145063 4
0.5093019554219531 3.026832493224674 4
0.4656008893725416 3.1016427950482557 5
0.3975837427671025 3.274364995583144 5
0.3444491512733425 2.989950078845953 4
0.33349589665330326 2.8694384956228807 3
0.371227580928732 3.3562818446534846 4
0.4089993244812675 3.3931531906767782 3
0.3795656542769469 3.0270560392775816 3
0.39986621546768975 3.2277553313619762 4
0.41002192245852753 3.4957507341018923 4
0.3311694820698463 2.892316903287024 5
0.42198586950141537 3.236308704636818 3
0.34590547135804983 3.027791610658341 5
0.28841520310993274 3.265335154600452 2
0.3463194839540511 2.9015034883662847 4
0.38107888831041237 3.1581405698687273 4
0.3992895199820018 3.0553597851711136 3
0.23824310204701948 3.4921270955511297 4
0.3636385869811334 3.011379591679869 5
0.2928842299143516 2.823432717668491 4
0.35776812651793377 3.1093493662337326 4
0.29826876588949147 3.3565869858844604 3
0.2999836938652616 3.559623719940868 4
0.2979342739622899 3.345414088637012 3
0.2746593599176318 3.094228106911837 5
0.33386470882756303 2.99408613281741 4
0.3662656245153224 2.862440793867692 3
0.27512272705229146 2.9157170632626515 5
0.342162090522523 3.0087852609283203 3
0.34821189564771027 2.993427975700935 4
0.39775785506493544 3.0204034401611257 5
0.3378408897664884 3.474293814024744 5
0.4705587625512504 2.987223556776025 4
0.4369274799869981 3.207191670750035 5
0.41719972918135695 3.1442481786915146 4
0.5587025760926453 3.176761897071578 4
0.35479498032365653 3.1487497853663964 5
0.4133564769485474 3.347697946301033 5
0.43447954911096476 3.241104226768835 4
0.48812971703327945 3.4907158907002716 4
0.510075474759863 2.8594704046675052 5
0.40435831655172805 3.2544304608402235 4
0.47193611625708953 3.371176777534177 5
0.44451518623065334 3.170343716188098 4
0.443406594538741 3.05488581151657 4
0.4339891812223008 3.1160820714580555 3
0.4389613078042026 2.8572570099680035 5
0.3566568286678484 3.366378677695695 5
0.36815380266899234 3.2903807656009554 5
0.3536024678841677 2.9641701400751086 3
0.3869795806546119 3.056610797759171 3
0.35148629834162815 3.3072695698948142 4
0.3357634792586077 2.7093565152445818 2
0.43417280892736243 3.0610251974827327 3
0.24148500554904984 2.876313311330271 3
0.2918879848000018 3.363623829214579 3
0.4587668584157929 3.094893241686037 4
0.32959105243324194 3.031786008499687 5
0.41380694714573063 3.3793811714797806 4
0.3930571010122301 3.003858192720677 2
0.44012436200405713 2.8476653388479147 2
0.42713644084586366 3.2246699234989213 5
0.4375759700412416 3.3300327920190846 5
0.34704238541940235 3.168496547074735 4
0.2531379043457328 2.721194745726398 3
0.10540416543800857 3.546679963162913 5
0.37946508488714603 3.2964340646830044 5
0.2969413801044074 3.123407205169627 3
0.31279663000891733 3.1702009845196093 5
0.4277831436695021 3.151816226646702 3
0.4795853971092603 3.055450342366867 1
0.633958428060205 2.9277259839738963 5
0.37855372956164623 3.0918149046124395 5
0.4096859196989787 2.9285388065232727 1
0.4487324260708828 3.2050531805869977 2
0.34359042459923295 3.059055565582747 4
0.44830417633298736 3.0716409196064167 5
0.4528113183308845 3.0782909842629045 3
0.057111325304325944 3.546679963162913 2
0.3859924869869795 2.860290408454841 4
0.37356046857412584 2.934122258803813 4
0.2941477457158421 2.985366297989893 5
0.4256641665875829 3.1396880427337837 5
0.31750419139687347 3.1808547740096915 4
0.4118884470359363 3.231883011014732 2
0.3735680211086556 3.2013017885112536 4
0.41491745347759657 3.220737696291184 4
0.5097673989910952 3.3154625716742325 5
0.36678930763989537 3.2570186048129823 3
0.057111325304325944 3.546679963162913 5
0.4745330575613209 3.476064142311111 5
0.057111325304325944 3.546679963162913 5
0.4653929550101372 2.6868632979688245 4
0.46357233154341493 3.2553502585959357 5
0.5293708461397183 3.4877423501813274 3
0.5737930643284944 3.2654052327373853 4
0.46422987271520744 3.4378986462379406 4
0.4011245064422173 2.8491502416548915 5
0.46137632265436723 2.8883395344228293 4
0.44687537317155135 3.236308704636818 5
0.4570096145722736 3.2003628134741198 5
0.48978271709248644 3.5820741289130393 4
0.37174289656719295 2.9842973051570145 4
0.47146727608929306 3.1642372569852206 5
0.516952711871989 3.2148743673450904 4
0.43667756013349024 3.189747697572788 4
0.43301801184944855 3.235565204991929 3
0.3824676245125893 2.2004992090298345 5
0.5039905445431394 2.8825714926062656 4
0.43667901092416983 3.159338859034557 3
0.48236340204338257 2.670456583236666 4
0.43793162835444044 3.0061886347087863 3
0.5176357816945384 3.028634538427659 3
0.5641136175333563 3.0463096275710373 4
0.2757327270418216 2.253818580881807 3
0.5147755042959568 3.3438551621777077 4
0.4795276780107459 3.0819695598946546 3
0.43382336405242294 2.9210441195101846 3
0.5341801317939479 3.0474495540028226 4
0.4814913687385305 3.0290553815194974 2
0.4641368218420876 3.0803555600165273 4
0.5458860531404061 2.9390058454026198 1
0.4324352396303266 3.2359449181399444 3
0.34094945067506033 3.279413163729643 4
0.32511723081691657 3.1060538739193966 3
0.4551344806026638 3.038704307904957 4
0.39231165203703 3.168263060033357 3
0.05693847052012291 3.546679963162913 3
0.40971478536567996 3.1450618108610113 3
0.05693847052012291 3.546679963162913 3
0.26833288844677106 2.815644113482374 3
0.32500404059156796 3.070189382441259 3
0.2872399045623626 3.095452675294933 3
0.39686169502576807 3.4452810689331534 3
0.3389236843058685 2.8740751579382326 1
0.2995780209612875 3.4009438621715713 2
0.2970298633383699 3.3709547457038327 4
0.5721794717552696 3.0007588987661986 5
0.4837737467331198 3.038559375951046 4
0.5410912905880473 3.1072142059793517 4
0.44710414956789535 2.7784447985920924 5
0.5193356017733054 3.31060035032784 4
0.5586036324219249 3.034486047797082 3
0.5718894844092711 3.0959810588981886 4
0.49876094194709686 3.1749501202804433 5
0.4611170588054847 3.308032346703317 5
0.48863496056777755 3.360136338780337 4
0.5711817594258399 3.1044395814217243 4
0.5032262965131445 2.988494727248319 2
0.45384778528538006 3.153672077756887 4
0.4789886247747914 3.0316994765573897 5
0.4530641995197324 3.048647724116591 4
0.4390571165432784 2.554791211809287 5
0.4227987026197708 2.8616874639769208 5
0.3639066765443063 2.9049817516159004 5
0.3747368787451735 3.1549384549145842 5
0.4719499214989855 3.0372741032752164 3
0.4053968512620485 3.020863034770025 5
0.40960589530894764 2.812672814985736 5
0.0806519885415169 3.330496180011264 5
0.527733011806292 3.001731961206415 4
0.452205106324333 3.0013432601806507 4
0.4280972260067515 2.94749022060541 4
0.4845008448756205 3.107005432126611 3
0.0806519885415169 3.330496180011264 4
0.41290129495173455 2.8967626914932527 4
0.3991217605116324 2.928173225705146 5
0.0688614791945954 3.330496180011264 5
0.5122036665362414 2.8382182121318835 4
0.4760439996492578 3.0864809175523455 5
0.3877275323938638 2.865901918593459 3
0.48718272165539456 2.8255286223425604 5
0.4799811727003931 2.934883249856367 4
0.4613179532146827 3.3143170308470795 5
0.4834962140617708 2.885271215679419 4
0.5065723129708768 2.7536389468985725 4
0.49277410661684184 3.062621722374822 4
0.46279756629031543 2.918197401992377 4
0.44775547741031696 2.5921739729195576 4
0.4753689158665114 3.2590665157590464 4
0.44255508883659656 3.063851583363432 4
0.42003407814888893 3.1695981586794497 5
0.06963725683014332 3.330496180011264 2
0.3639868958615593 2.345541782985418 4
0.4177179132970368 2.395432049124632 4
0.29495072337574335 2.0594751025735865 4
0.5878245729282356 3.1225050885022525 4
0.40180305584214104 2.4331183619895578 5
0.45598738087132307 2.972548199509777 5
0.3567438093898607 2.6997066423916007 5
0.40299179398720786 2.7821484278036923 4
0.35979145215175534 2.290969459975125 4
0.4059302803746141 2.3129070688700386 5
0.30322760952589145 2.1188469229365916 3
0.4454380602752188 3.095861693091028 5
0.36939397701093135 2.2696518999860484 4
0.4454380602752188 3.095861693091028 5
0.4283701269385731 2.968808279285767 5
0.48546952900074736 3.2238272351310746 5
0.40751966293948927 2.4139375076172955 5
0.5487350641326231 2.917151558361871 3
0.42294547896633816 3.0284462030967076 3
0.38941021391413233 2.9834049415218438 2
0.452560030647137 2.990474779133953 2
0.39647236584828494 3.3168433763823586 4
0.44629518656686173 3.088790322440582 5
0.4679615941674702 3.160944280865788 5
0.39495552878676676 3.100244805291385 3
0.48546952900074736 3.2238272351310746 5
0.3375508554127735 2.9825155149848284 3
0.3713100866342025 3.28682218812686 5
0.45005765005919407 3.1369616063693244 5
0.5417686926554679 3.265504000341289 3
0.496932295778199 2.9449847373293503 2
0.38138652351456304 3.096905146990034 3
0.1709902512366468 3.330496180011264 3
0.4957474341763789 2.3730876170450634 3
0.5254784457436641 2.938980905688313 4
0.4327842399211005 3.001983876058714 3
0.3991110789741308 3.298001502512095 3
0.3699996887257939 3.06827811011659 4
0.4114450952843921 3.171033915340384 4
0.6262503309670718 2.9759521620019367 3
0.4409405901098402 3.186122602128484 4
0.4284640437099255 3.3983298557371264 4
0.41325925911145656 2.881156429833579 4
0.41531648374858776 3.3214474402367675 4
0.4371098896122214 2.9372316942498267 5
0.4633948199853346 3.1702965181314555 5
0.2936011255810158 3.132710725350051 4
0.37379038958863675 2.92331255678431 4
0.41419270794647023 2.9444038865852096 3
0.45554675808180956 3.1457446740240864 3
0.38728097629075753 3.1660092922276424 2
0.3724173045273056 3.044025287903174 3
0.3872251057402596 2.79196135806426 3
0.45454440104904914 3.036223714950686 3
0.3848601235165945 3.01926356681873 4
0.3872296355595788 3.3333374502748825 5
0.5156572963814293 3.0391096440903778 4
0.4471201020548352 3.1811842684422627 5
0.4354720393119429 2.9079402854833685 5
0.516810806480599 3.149626381978759 3
0.39925030868820044 2.367591379120347 3
0.4703198031443854 3.0889768029509908 5
0.32612026928180304 3.24509443527481 4
0.5214872720571476 3.318593794515717 4
0.33166293228105004 3.0005613709938146 4
0.5854274853358126 3.014808785563227 4
0.4410816147437354 3.1162579845013956 2
0.4561440535058472 2.88523919325057 4
0.31087924862576555 3.03551836935148 4
0.43268398008032927 3.08302008222841 3
0.31849088229109135 2.9419047033856165 3
0.41737283242085277 2.982457005737834 4
0.45082441369077086 3.080338133534217 4
0.2807165597587724 2.5534980116200416 3
0.4468239199326205 3.1840113726737793 4
0.23799806522393052 2.499798308535534 3
0.5058359920871115 3.052221065497763 3
0.36162127585378834 3.113705440158089 3
0.4587514837029487 2.9773201888769094 3
0.463988532110016 3.062485534939949 3
0.4777164059449417 2.824907042140397 3
0.4231014214954967 3.244509142170538 3
0.46462641946154526 3.2154886430697807 3
0.46678679274542434 3.0605841244550733 3
0.4097286898066905 2.913128637315184 3
0.3912377564476037 3.0410638746724743 3
0.5034223538488434 3.215761512197689 4
0.37472459202242536 3.060548415524582 2
0.4562105475109386 3.1306993447445115 3
0.4505803384190503 3.179985022343328 4
0.44522583103644586 3.2862034978295207 4
0.5640633749817259 3.4065094170422365 4
0.0970146244283806 3.330496180011264 4
0.0970146244283806 3.330496180011264 4
0.4820646215415054 3.0481606861732677 4
0.4892538775970554 3.1006477723157837 4
0.42140902021405624 3.0915918546201193 4
0.41358026234486134 2.9972836774766423 4
0.0970146244283806 3.330496180011264 4
0.40052983732703007 3.0416355643708193 4
0.0970146244283806 3.330496180011264 4
0.4346075882119498 3.1326704606139946 3
0.0970146244283806 3.330496180011264 4
0.5419248508886046 3.2727857387063333 4
0.443026162234613 3.1744321347705684 5
0.4977228168420632 3.033937080175471 2
0.3981970879500203 3.3751492025815155 4
0.41127396503663327 3.2366461812253258 4
0.4805309013197189 3.4224898593705184 5
0.36932087777431144 2.738232513205009 4
0.42575763867352356 3.3360914050400083 4
0.4428356146260298 2.8205850751926107 5
0.4444726007533564 3.0072987538816363 5
0.41140217427107006 3.0465877283171245 3
0.3678357938662793 3.217925411176072 4
0.4845456614647775 3.2821081691638683 2
0.36265731257437084 3.0316994765573897 4
0.47086663728309586 3.153465658229776 4
0.41168182478773385 3.1152638611599928 4
0.5229178469325702 3.129855620541793 4
0.4892273698790419 3.124224113527497 3
0.5031148918856843 3.1920776502571284 5
0.5479012792465031 3.1620980724105565 5
0.4745573024170917 3.0913771472154306 5
0.4616888583931904 2.7728365647881996 4
0.5250985081198674 3.0772345396753367 5
0.5433367121345157 3.0025275568912893 3
0.5318323135622302 3.058728783441578 3
0.4912759646384468 3.216718235455437 5
0.4005768579144402 2.9830861203415737 4
0.457515087862607 3.2181710319187236 4
0.52152947798586 3.184113669505751 5
0.5332041681763054 3.188308264559253 5
0.4113995107968186 2.8177918330206326 5
0.46276805236934804 3.2263365642375836 2
0.3971223082449007 3.1840565530100586 4
0.4061220152164715 3.208962045022175 4
0.4548639579119853 3.3141908082461153 3
0.3387640604759947 3.145509683179331 4
0.45682094699925946 3.3926137836301744 3
0.3728652922510398 3.1241934919939744 3
0.37194072976906756 2.959812628505256 4
0.4381163244258005 3.3625230268688777 5
0.3862403039455582 2.8921280240621026 3
0.43978886874990253 3.1812390367758074 3
0.33937375408526993 2.9703581923912963 4
0.43106414022621076 3.1977464414399264 3
0.39098807165310245 3.423783202296569 4
0.5006276979964103 3.2744207884127285 5
0.4883877569780125 2.9173076217332623 5
0.4964629617318064 2.885720608316854 4
0.2979794809867309 2.7497576200870353 4
0.45797452561185703 3.2668828065704654 5
0.45217978310443474 3.1566771651340955 4
0.1028634905412622 3.330496180011264 3
0.40515869561955065 2.7809274614613466 5
0.5246090668267628 3.0997622044068343 4
0.4827391010516471 2.788561614119031 4
0.4320617095992807 3.0559269368983704 4
0.4860797646489169 3.08038178613065 4
0.607615151440922 3.0896823198847403 5
0.5641968862006659 2.8489466374024532 4
0.29436865800579826 2.9008471854370024 4
0.5876233364006849 2.9585502247081426 5
0.39581533683907866 3.2860063812383906 4
0.3137255278592799 3.077993160570879 4
0.35648773127298905 3.2566558353523534 4
0.3997063601671569 3.1020344461025613 5
0.12911998809456504 3.330496180011264 4
0.3865102087263994 3.0233172301019566 5
0.3661778627425242 2.7287327833045745 4
0.30779300902538154 3.1059419039768663 5
0.4366585611251239 3.130400951779599 4
0.3851508611024842 3.1882833030612097 4
0.4721376761075705 3.1620980724105565 5
0.3444490279943402 3.0997622044068343 4
0.39536850305999893 3.2236288191938836 5
0.4218114307133364 3.3478465757521345 4
0.3636851849158368 3.2977027634051224 4
0.5643341712801601 3.12167799031891 3
0.5411780827361692 3.1386279606222085 2
0.4645976027038752 3.0063491994351654 2
0.5634516590210494 3.408660110439002 3
0.5419270843088825 3.165838954414289 3
0.5029489066429995 3.2033766834411495 5
0.4553372700684061 3.119889240413041 5
0.46143201610714013 3.083333603133502 5
0.5151655775501149 3.1460245694784517 3
0.4841930648189019 3.079853042620234 4
0.5580042149707646 3.033497741838661 5
0.4887467663434615 3.1932066899796525 5
0.4661096274193932 3.1824402786353527 3
0.5115681575262236 3.244401235251308 3
0.13571453876402306 3.330496180011264 3
0.4038006464154169 2.897318986954192 4
0.31771834582951486 2.6696839074040666 3
0.19266220792850153 1.7631083345579712 4
0.3366849123630984 2.9765661911631014 5
0.4489495697877167 2.87775907546734 3
0.4489495697877167 2.87775907546734 4
0.42465761543689085 2.9318961664727534 5
0.4657020863144674 3.081396712670014 4
0.4468643073052525 2.902715069078749 4
0.4411371419620449 3.2353640524552256 4
0.4476701829658405 3.270609985459396 4
0.4987580740109234 3.0767858735373306 4
0.43460956569879117 2.897727659433913 3
0.3565332763847304 2.0063694443107107 5
0.3953488813497157 3.074478821338262 5
0.4808966051925211 3.1516654540312166 3
0.42082227972430475 2.6157957640744476 4
0.4123374357964469 3.1067061433696885 4
0.48750372837426936 3.3130767942419412 4
0.40668157321757326 2.9063990301574947 4
0.5025721842632207 2.7846443840070108 3
0.5920214448353968 3.0783555932749183 5
0.5148029139956093 3.0444565723602404 5
0.5859682860139044 2.8507533725639203 5
0.610141911979654 3.0750122294759272 3
0.5654311750906741 3.047097939668475 5
0.49496668284364964 3.0115501107966747 5
0.4243859091055344 3.024041518124994 3
0.5463286124678288 3.1560292080697523 3
0.591977571025302 2.9720854847858327 4
0.41236674359661074 3.2087921901192478 4
0.40312537065533016 3.129965569521918 4
0.3953848752740754 3.119821646872339 3
0.39502887319839486 3.1017289770862093 4
0.3663354199525535 2.923355638625585 4
0.374004846236211 2.854563971871434 3
0.4145660453434299 2.9336861055918777 3
0.4151145986112901 2.9548684977115314 3
0.3283800336868876 3.1008426550712302 5
0.392374608542843 3.1033727987514212 3
0.3676639040846059 2.7102728716985123 3
0.403546344400845 2.767727688156737 3
0.3414251541611185 2.4105272959874484 3
0.39831902852012824 2.907770939710624 4
0.3523115431184505 2.9091194003069774 4
0.5299851192040187 3.090781105880303 5
0.5664890470484596 3.027821997484808 5
0.18129318749228085 3.330496180011264 3
0.3021305785992243 2.0932506395067385 5
0.540065519168284 3.041766330440078 5
0.5821014767645548 3.1367453349490475 5
0.5817856187040287 3.3201813000236937 5
0.6315092713666725 2.978265057491788 5
0.5236311711996612 2.7554985278855764 5
0.18129318749228085 3.330496180011264 5
0.5535590561325453 3.1787421970321312 5
0.5861479056457748 3.14751595587941 5
0.5929367257585599 3.0657871981979032 5
0.6074600604665897 2.9320321449132978 5
0.531606586806604 2.908475207794397 3
0.3487867599451887 3.2647110298278275 5
0.37319637805432904 2.752055069478145 4
0.24598234786312467 3.0637172480778077 5
0.32498538888945205 3.0059785507763084 5
0.43559753155469405 2.943023202355259 5
0.3782507791929528 2.940614322692573 4
0.3497104870092066 3.17598174226911 5
0.40225805858047115 2.9684274178788033 4
0.446788647894269 3.0586090651428863 5
0.4095883344048703 2.821069386251037 4
0.3126207234342533 3.3040924814420896 2
0.29544572485873855 3.0586927783609257 5
0.38379465374599264 2.839310902675887 3
0.38857638403386874 2.9882003967484567 4
0.3998670405082163 3.022905022044816 5
0.5202878904963195 3.0635141689028953 4
0.5326975881594884 3.2312338459225063 4
0.5062246147315531 3.0076583530168475 5
0.49599796729336076 3.090183510345683 4
0.5251733967094728 3.124974729586317 4
0.5692534536227511 3.2760583394304037 4
0.43802800652536655 3.1646085551313563 4
0.45816265356752983 3.20204905463728 4
0.5412389767409999 3.293996870788417 4
0.5042924639492062 3.2549721035565375 3
0.5720307153479146 3.2637514830067014 3
0.5557962673091352 3.1463193534385256 3
0.48550099156855986 3.3723454145358547 3
0.48065542587737076 2.915998063783948 3
0.4354151182741466 3.193064126787896 4
0.4128726370621272 3.423783202296569 4
0.4739291036634582 2.948051357455007 4
0.529157136781282 2.976831195388243 3
0.48761082938952804 3.2696940053716377 4
0.4136279988243987 3.123647763406972 4
0.42758113849728807 3.2213031107242043 5
0.5242688192381536 2.8983424729940923 3
0.5210954131658087 3.15117833994657 3
0.4869614871678545 3.16868064403345 3
0.4008872762527764 3.104712881187768 4
0.43535108494808794 2.9961080062453 2
0.5441279731899911 3.412193941647643 4
0.510149443431854 3.0440009069550475 3
0.49325522191934656 3.066227683358308 4
0.490128358266847 3.008916821740826 4
0.4374318367187888 3.0997622044068343 3
0.41490915170499854 3.1151247765097523 4
0.3225311666175068 2.565641009778846 4
0.3569513646113256 3.0500980028292624 5
0.37623531888175 2.952100171271593 5
0.43919986759214125 3.1603711602996225 4
0.3964497905197535 3.2164416459703524 5
0.29215048955649303 2.9519906157974054 5
0.3592660884123704 2.8416687987719564 5
0.39021388817436486 3.1785517940161387 5
0.36187405932224403 3.1623047590545412 4
0.42190562577193547 3.0635141689028953 5
0.33573005006267453 3.057231970578798 4
0.4071635836459264 3.2087921901192478 4
0.4143980327307165 3.1719317675219636 5
0.35959123177085117 3.0636187722676334 4
0.33444308699335523 2.720236707456331 5
0.39734819660539356 2.837225864345934 5
0.4095481847147564 2.889150040466536 5
0.29280414049947123 3.082875380420739 5
0.3261103316060818 2.864011391264229 5
0.09475712745644893 3.330496180011264 5
0.39897572292782546 3.194002932859173 5
0.32877298772939545 3.174506778292036 5
0.3531163679765905 3.1619738143018483 5
0.36654372074799735 2.7896310891724356 5
0.4094688651892857 3.195647196908802 5
0.3394723450676913 3.047222665851093 5
0.30993701027284204 3.015106445856736 5
0.403908366891807 3.0289095157062413 5
0.2916942994832652 2.941884704916907 4
0.24385715898508598 3.060992894069245 5
0.3934432510874739 2.9338586975730534 4
0.41780787709594136 2.9806008898169627 4
0.4349339521218739 3.1127021764734084 3
0.2979119442997612 3.2741951131029854 4
0.3565736870537082 3.1631761038434028 4
0.4482172302622087 2.974617309927913 4
0.3472820021429006 3.254044297682044 4
0.38953567916101695 3.237442022451752 5
0.368648597100522 3.266034825698028 2
0.34921992361952237 3.2849360551995463 5
0.3843240375560717 3.115274788908625 4
0.3974895774385485 3.0254632162403365 5
0.3909144601463006 3.1800169006893118 4
0.5295443241850117 3.224786389193019 4
0.3419728410404971 3.431964769266873 4
0.4917897134416843 3.0997622044068343 3
0.48370508552442637 3.276474029372678 4
0.402564470333458 3.214477146373862 4
0.4428616192136591 3.3645023792977753 3
0.521582292696044 3.1846018806952645 2
0.4365702949871395 3.4451161093956104 4
0.3870496168577986 3.2361328379961325 4
0.41459461961093313 3.323689204830609 4
0.3904164598418658 3.003164912927004 4
0.45017118499058806 3.0204495343174242 4
0.3217785367530963 2.9464816932172204 5
0.3875398567459991 3.344817163911571 3
0.3482296753969729 3.05221959730957 3
0.24699654138244365 2.679330576656318 3
0.06926775762500692 3.330496180011264 3
0.06926775762500692 3.330496180011264 3
0.06926775762500692 3.330496180011264 2
0.29395983558308647 2.702203473742207 2
0.23177929025813526 2.5840807982097282 3
0.06926775762500692 3.330496180011264 3
0.06926775762500692 3.330496180011264 3
0.3159293458304815 2.812225652475174 3
0.28251802776202817 3.0118621398232204 3
0.06926775762500692 3.330496180011264 3
0.06926775762500692 3.330496180011264 3
0.3005009208926397 3.0526099719805715 3
0.06926775762500692 3.330496180011264 3
0.06926775762500692 3.330496180011264 3
0.561636126662622 2.9095014807349995 4
0.09482253050440015 3.330496180011264 3
0.36337590047984736 3.0676701740205177 5
0.565120026641622 3.086855394919529 5
0.43332986589772005 3.3172692874642813 5
0.5260390804597658 3.4532640543326285 4
0.42516904221580076 3.291188186501696 5
0.36794092429808556 3.2359691344063246 4
0.3878219606453335 3.0877911154416084 5
0.5376397828662419 3.1669327312629507 4
0.48710159550083065 2.9450860636731964 4
0.564369002794991 2.2622918068926245 5
0.5454548182011826 3.004927263612397 5
0.5392609866194656 3.0462614710063978 4
0.48630314082993475 3.3090301587406152 3
0.3387812634024294 2.854166619279504 4
0.520575452933567 3.339739386876559 4
0.4528930149169976 3.0581351546192015 3
0.3969192961243001 2.994246750668536 4
0.3815784407177608 3.1017083214220924 4
0.5027927881417987 2.866641633594019 4
0.41103820366830246 3.073885559577981 3
0.4153657124588046 3.138309194545396 3
0.43664642482279836 3.1847541789351492 5
0.14862208329856652 3.330496180011264 5
0.3745822579912146 2.948602396224152 4
0.41781156837429123 3.206673220431032 4
0.46691224034549306 2.767177905582492 3
0.5209040318695081 3.1233803216025544 4
0.4386684091005071 3.1956466354301494 3
0.41685755628601884 3.0488442223748926 5
0.2949945340028204 3.2955771908872378 5
0.3070692274015233 3.16590463777513 5
0.34083762852988075 2.864520316754788 5
0.3749847755149698 2.792323373789914 5
0.4064803449275054 3.040372603374981 5
0.40078476993990664 3.159873267308784 5
0.36688538256276737 2.8954592287481673 5
0.1350668799798771 3.330496180011264 4
0.39581471194103135 2.904101719817493 5
0.35924768619661607 3.0779927774245817 5
0.5097447489719514 2.3782239876259355 5
0.34849951471220253 3.1647147002617237 5
0.3385800030567725 3.0335209727067918 5
0.3749675682778708 3.1451309424840193 4
0.585328872881868 3.408660110439002 2
0.43795611862724515 3.2315895431506396 3
0.511253596168712 3.147253432475022 5
0.44333672794337786 3.1539087997695305 4
0.4635255210823783 3.1780267513297 3
0.41052651417043107 3.225822410224463 3
0.33443110772895457 2.5578336710612173 5
0.40093836565760865 3.2200366397672147 3
0.503034495769215 3.0776752122256905 4
0.4573922257479094 3.0596986142229086 1
0.402850610731331 3.19516322051201 3
0.3737151219572765 3.036403509934447 2
0.4574558863457232 2.9554420717285974 4
0.44087475090179606 3.2987285206989174 4
0.5256942067457708 3.20032796110859 1
0.3918563069281943 2.8409953846099683 5
0.37282608150395746 3.35014712031626 5
0.5310626585857111 2.975484287497948 5
0.5060211413953641 3.2900607209645654 5
0.6260365305483647 3.1229148182569717 5
0.44403974720475226 3.0211809487487242 4
0.4559860340442238 2.4926778071685733 4
0.047035367229491976 3.330496180011264 3
0.3179070817631905 3.219654997451087 5
0.4434112326896389 3.0472204639529528 5
0.3045329725396857 2.6734374871517996 5
0.4299642735489526 2.871830604899402 4
0.4776872166373335 2.9182877347018867 5
0.41797359218348806 3.0687161449812317 5
0.39604410291202474 3.0223036949397084 4
0.5330325156452652 3.074898947062371 4
0.34982971674359686 2.8569735054710454 4
0.46854970350600533 2.9093730079667335 4
0.047035367229491976 3.330496180011264 5
0.5330325156452652 3.074898947062371 4
0.40916557180752544 3.363154520925285 5
0.5836251246384465 2.4926646627132505 5
0.480755156619166 2.8148261938601506 5
0.4497633083221084 2.6744690368214754 5
0.5836251246384465 2.4926646627132505 5
0.5836251246384465 2.4926646627132505 5
0.5836251246384465 2.4926646627132505 5
0.5836251246384465 2.4926646627132505 5
0.5836251246384465 2.4926646627132505 5
0.47045503410245404 3.143806377995511 5
0.2896797623482127 2.483757694973375 3
0.4518877484405982 3.2416794359909202 4
0.12732063127093174 3.330496180011264 4
0.6022491138362438 3.3572941948976913 5
0.5429385236990526 3.151229943775066 5
0.119860622764002 3.330496180011264 1
0.119860622764002 3.330496180011264 1
0.119860622764002 3.330496180011264 1
0.119860622764002 3.330496180011264 1
0.37573255895490365 3.098387513042642 1
0.7590440307305324 2.797267686094037 5
0.6881358736400222 2.7717284358096785 1
0.3761509155242668 3.2122194644717057 1
0.119860622764002 3.330496180011264 1
0.4266032727904814 2.827631269520721 1
0.4641042608859216 3.1946238592591993 1
0.6247883294106779 2.6652621548630284 1
0.119860622764002 3.330496180011264 1
0.742040298558275 2.948182015223178 5
0.44044172229660794 3.183467798540977 1
0.33013762072275754 3.233534593623902 5
0.5022124195697357 2.9481857631137225 5
0.3007028877118574 2.734351159989725 3
0.12290186517106205 3.330496180011264 4
0.2869564770734552 2.347714350819821 3
0.12290186517106205 3.330496180011264 3
0.3995133110766034 2.9694346410650607 3
0.3007028877118574 2.734351159989725 3
0.4031304115800307 2.7783009042966538 4
0.2634257166111663 1.4334778968180888 4
0.43332367032069463 3.2571029937778966 5
0.400152555727311 3.036451803899664 4
0.35135760223227164 3.0259455640877504 5
0.39309838883482073 2.921171677289835 5
0.38217770984164845 2.980653726874494 5
0.5262753428371688 3.1537885299658566 5
0.5326739788536891 3.0797377303269777 5
0.09234656587054069 3.330496180011264 4
0.09234656587054069 3.330496180011264 4
0.09234656587054069 3.330496180011264 4
0.5844963173722226 3.06519166689779 3
0.334687092858337 2.9617142856462824 5
0.5107761396823601 3.2760853865733575 3
0.4107398559493294 2.8026471436225484 4
0.09234656587054069 3.330496180011264 3
0.4165738376261242 3.153459931344447 2
0.2495222305312047 2.656159808163811 3
0.3308287651939392 3.0092001001795685 3
0.4579128369143346 3.08522739526007 4
0.09234656587054069 3.330496180011264 2
0.5141243497602067 3.2522427673089256 5
0.4600813769712495 3.3468469221062747 5
0.5086077870034581 3.319647912915294 5
0.5302889490521064 3.301280761550021 4
0.45793497957341456 3.0881679878280264 5
0.4541294936299669 3.0543030484880855 4
0.5252210911145321 2.959130824011049 5
0.41952516255161765 2.8871798530064385 1
0.5094080533479721 3.191678845616737 4
0.30841692948469357 2.9175204054696158 5
0.5108950984374457 3.0344369763875925 5
0.43873813821492447 3.100985445290684 4
0.5241692403057273 3.2398760776732076 5
0.47119637192516794 3.3610994989265537 5
0.5205100287176754 3.240904948241027 4
0.45331102963358405 3.1202929962512713 4
0.4072402306857148 3.2611788500999666 4
0.3861452691363032 3.274253572609589 5
0.3651683259361491 3.0259455640877504 5
0.44220377554319734 3.2470195930782237 4
0.48242826517738613 2.9208396997726793 5
0.4620421624144697 3.0375074452611996 4
0.37924722123352095 3.017524373247074 3
0.44337195624441805 3.2182232846882965 4
0.4715218620398909 3.266839608645266 4
0.4512118829873514 3.207746094144829 5
0.44885072153043604 3.000998113888499 3
0.4405004068882379 3.1269407731432506 5
0.4089597416870747 2.853184744715842 5
0.5332923765511022 3.302859555305137 3
0.5074800622082685 2.7819552553939526 3
0.4520892090649984 3.1616312987760096 2
0.46906754975861664 3.0335276165200313 3
0.4584904134758383 3.1796181155453613 4
0.47078505958237615 3.00972710189113 3
0.5175318997395676 3.2326555656439457 2
0.4582389253724144 3.2891018373326624 4
0.5337020499576286 3.1226093535797155 3
0.511114226117545 3.229383501202466 3
0.5513481747396968 2.952389966845156 2
0.5389656406196394 2.968191056150468 4
0.4893882314649167 3.318292000906464 3
0.4997686767796661 3.412193941647643 4
0.5150890588958305 2.983430517272051 2
0.5385850336292013 3.221309726904258 2
0.37383179370850517 3.2175848081694047 3
0.43733042326607907 2.712562184753414 3
0.6477159645730812 2.780773985457254 4
0.40847188400766843 2.914204924281311 3
0.11947209098571898 3.330496180011264 3
0.39913289073936276 3.0100762050321315 4
0.33805965387587733 2.5127756271426933 4
0.38178850274002696 2.7830766137857696 4
0.3204835207929222 2.8591148714134023 4
0.4494850960473681 3.209001293712375 4
0.5260193370215807 2.7775273883756695 4
0.38255588884546043 3.0930344463881876 4
0.476317240825321 3.085306449850109 3
0.11947209098571898 3.330496180011264 4
0.11947209098571898 3.330496180011264 3
0.11542002938980889 3.330496180011264 5
0.35391682583271744 3.0016219890232008 5
0.5122204440171928 3.2507106302985234 5
0.3507664676323924 3.0881282518546 5
0.20496231561990752 2.7013578746113383 5
0.5212836860598502 2.9251835042856804 5
0.11542002938980889 3.330496180011264 5
0.37465389938709426 3.1367095768884217 5
0.46810808452590735 2.783982254096819 4
0.41063932760221533 3.2375286776525396 5
0.11542002938980889 3.330496180011264 3
0.41238871105391095 3.0275759600434173 5
0.475497103875236 2.9767936773381596 5
0.3841089338439443 3.4173199414122526 5
0.11542002938980889 3.330496180011264 5
0.5510194231345608 3.0680155714724666 3
0.49997826329561745 3.1594573054945814 2
0.5692539752003031 3.261168082330659 4
0.49661306997783694 3.3968315987069206 3
0.6040068257189922 3.268770950771251 5
0.5570709417522414 3.1617880843546304 3
0.539637424499189 3.0997622044068343 5
0.5405114397051731 3.2419047915434662 3
0.6130958073397006 2.8842435219734766 3
0.4784060675607895 2.979011112730437 4
0.5577036057916511 3.2364469667140305 4
0.46651024394124685 3.0684820775658705 5
0.507633168114609 3.306212043428476 5
0.5151152170499654 2.9206194937956855 2
0.5718379551859073 3.3090258967758968 3
0.5051375387577481 3.1050379999026996 4
0.38555629572327543 3.342194543586208 5
0.4449913269991217 3.046430515817711 5
0.47054027415032706 3.0635141689028953 5
0.469881577784353 3.421816962581465 5
0.43149486402297943 3.039728078771855 3
0.3710543312389416 3.217925411176072 5
0.4274558685456067 3.1855456160837483 4
0.4358936661260725 3.3598154565289367 4
0.42824251661229074 3.264819898161982 5
0.3701641139011176 3.306212043428476 4
0.38645104106295314 3.208962045022175 5
0.407928343451194 3.0684820775658705 5
0.42089995009757875 3.0316994765573897 5
0.31022768834368186 3.0285410949248637 4
0.41369828577444956 3.271298738185279 5
0.48894481859747674 3.37092686607251 4
0.5351401524744565 3.188182280126557 3
0.4689314514389642 3.1173062170820183 4
0.4559878128206296 2.984600310084652 5
0.5353266527189301 3.1949733305041477 5
0.5564969058038031 3.2374935485410874 4
0.5228775684237226 3.2717625603606986 4
0.5314057421461552 2.9687290177823735 5
0.5564969058038031 3.2374935485410874 4
0.4701077415015089 3.09396944623202 5
0.6026617259609235 3.236033846331746 5
0.5365179418807328 3.1009176945867356 4
0.3763256781397455 3.0841260177087984 3
0.41912574249526346 2.6157957640744476 4
0.4241352958825524 3.135742975568447 5
0.4072081696984591 2.6311577670443462 4
0.46670091080960163 3.3468469221062747 5
0.332563458069001 2.7725413065129128 3
0.3462522561691833 2.6464066884988493 4
0.44782661295913284 3.2253737784110186 5
0.4823494731920672 3.3625230268688777 3
0.45471682606292907 3.0443790593358004 4
0.46399484751700226 2.974617309927913 4
0.36188711535342066 2.903272254634002 5
0.1936647811572514 3.330496180011264 5
0.439841651231088 2.9225522987049395 3
0.47007203588258784 3.0845998069779155 4
0.3326598122248232 2.480324764350295 5
0.4085407622461874 2.8926578090485586 2
0.4415289961750253 2.824591189601795 5
0.4454673492455963 3.2035990709152684 5
0.4634810114127953 2.5004890333227046 5
0.49507521408532296 3.1494607653881697 4
0.47438757097883477 3.068432883496294 5
0.3331139687663818 2.761392219362136 5
0.44471477318076214 3.418019389880832 5
0.49808776748061223 3.184951242367736 5
0.4395681546445256 3.1019851611999734 5
0.4292415637451481 3.1397327035721556 5
0.4306342411259153 3.192575897426157 5
0.4816626378647523 3.2862031468506907 5
0.509318474461586 3.1993615641611215 5
0.5098464817697781 3.1651565986854826 5
0.07987486139949629 3.330496180011264 5
0.5021733696358559 3.4077871587868964 5
0.4779908837601291 3.2719233751822228 3
0.33748163541199716 3.0041696237423086 4
0.47991031888944913 3.0864809175523455 5
0.1124937172442031 3.330496180011264 5
0.5362631302994333 3.2644131002301173 5
0.4653389270713715 3.0709508333476725 5
0.45441404235493543 3.0681714521142034 5
0.5348233381263652 3.160922892582909 3
0.45210187261257595 3.087614129335854 5
0.5208496070571426 3.377467585504679 4
0.4807371453470174 3.192127841923075 5
0.5769138085954375 3.206686833011103 4
0.5441977090029804 3.1308577629851317 5
0.4863526360809918 3.2589851469771074 4
0.28033835518343353 2.943269149121834 5
0.37693381275152404 3.1569182652772243 5
0.30777768853542564 3.300246273170555 4
0.4076082709849579 2.997332078389399 3
0.36060202453709533 3.191634775109493 3
0.07216620656670647 3.330496180011264 3
0.4114358915821308 3.252811337405984 5
0.3559789380135827 3.2609849159122932 4
0.2920971660229188 3.0244284853454952 5
0.3357952441996832 3.276095647727882 5
0.39669385630060705 2.984080904029666 5
0.34799949136060404 3.118270310094811 5
0.33529616804491513 3.2650077887664075 4
0.37880020106405665 3.3317907839788377 5
0.364059930683138 3.341363935940835 5
0.5018460450583943 3.034712610599784 5
0.5460977054658998 3.1529049371826243 5
0.4193102647323135 3.1254177224767052 4
0.48971842582296343 3.1153169354274635 5
0.480742839184954 3.185645980348806 4
0.45247411579145846 3.061637419724812 5
0.49466887787275127 3.3020740259543864 5
0.5227651198396482 3.0974512831586756 4
0.5814707004975616 3.2640192287931513 5
0.481193801172465 3.0346205014053895 4
0.5399715239884427 3.242981244074244 4
0.5333018913710798 3.0614275963793416 4
0.5111077596670903 3.127261518715831 4
0.41906119726526225 3.4090146773865833 5
0.5466502166365447 3.2238272351310746 5
0.474271967353172 3.0720055284906977 3
0.5245039459230291 3.20032796110859 4
0.4632821452660447 2.9553790407243774 2
0.48645078176430934 3.2071522938936328 3
0.4214183929740787 3.2236946201498715 3
0.45949846113539095 3.311692124617362 3
0.526664331868139 3.2701062416340734 3
0.2703109884430954 2.9409682384086637 5
0.47446826545209775 3.009078519308273 3
0.46436613787268444 3.141995007580388 4
0.4779470815775255 3.1216488541696483 4
0.3853941933392364 3.1330681520812176 3
0.48084117225250234 3.073702871039319 4
0.40692575104862705 3.302619723043132 4
0.4586913033298742 3.1049338820459402 3
0.507988029030521 2.8844057200352524 5
0.4738716303499062 2.759165177393649 5
0.5459749652262474 3.179459604440804 5
0.4712453916454237 3.3873283917271153 5
0.35050318916654266 2.9872984906919524 5
0.42420375048348347 3.1261029763638932 5
0.4634466484877984 3.077182305957686 3
0.22824093449076222 2.7971031525376064 4
0.38417669198589666 3.111458332971005 5
0.45086730983465917 3.0726892803672374 5
0.3873179786159817 3.199817152106214 5
0.4347445437728008 2.9845315637031278 5
0.501820096701306 3.072591367577051 5
0.48767576408355373 2.9624847655493256 5
0.4445712244805141 3.0667028617258993 5
0.4505387202021792 3.0133061612679173 3
0.4828623389917982 3.222304408245438 3
0.14433908790215122 3.330496180011264 4
0.5712554908719946 2.9675668749233832 4
0.423373358950746 2.8259562500058037 5
0.6654033275031759 2.8334813584613685 2
0.4536986312532265 2.912344684024913 4
0.5342983265325973 2.6801491418910333 4
0.4637954313567072 3.250516951429293 4
0.14433908790215122 3.330496180011264 4
0.43393165290256674 3.0152813341303357 3
0.6525865677150765 3.093781218616468 4
0.5425816649829265 3.0997622044068343 3
0.4886073509304122 3.2366461812253258 4
0.5932068189133891 3.117983803389979 5
0.5007139033123614 2.848324320121991 3
0.4298647437466525 2.4092463972592975 4
0.12293262218750067 3.330496180011264 4
0.4761189657696493 2.9915599828461024 3
0.4313135037020891 2.9124106681424866 4
0.4428399046023729 2.7851333910553002 4
0.5214251213273295 3.1424656766342345 4
0.4458038913146475 3.105062337163228 4
0.46705950076771297 3.030461159265835 4
0.5327073144565169 3.3162811322811816 4
0.4533815326233279 2.9042551728098305 3
0.5125915227312893 3.130731675907563 4
0.52576451517149 3.238310689782445 4
0.12293262218750067 3.330496180011264 5
0.4474099174185451 3.243481245750609 4
0.14736133969326037 3.330496180011264 4
0.14736133969326037 3.330496180011264 4
0.14736133969326037 3.330496180011264 4
0.48139256504094585 2.9074005697781233 4
0.14736133969326037 3.330496180011264 4
0.5132097711311536 2.956323061260315 4
0.14736133969326037 3.330496180011264 4
0.4819798154502595 2.8983657663797198 4
0.14736133969326037 3.330496180011264 4
0.14736133969326037 3.330496180011264 4
0.14736133969326037 3.330496180011264 4
0.14736133969326037 3.330496180011264 4
0.14736133969326037 3.330496180011264 4
0.14736133969326037 3.330496180011264 4
0.39100868687107804 2.7633102252578428 4
0.4213412814604025 3.145470833956656 4
0.4411001980435667 3.174272934414826 4
0.4213619657409041 3.2226734232813627 4
0.44505963756388 3.014548696510568 5
0.43955956107057215 3.3116541613431956 5
0.5102470577040807 3.0524329289687797 5
0.4141768593895354 3.216354802614565 5
0.5631180935367022 3.298168752126891 5
0.4834243270776397 3.038210804069095 3
0.4330003843875836 3.1722617410189526 3
0.42790017475488584 2.9387276196025227 4
0.438695853424229 3.122108669723612 2
0.4661892993033716 3.082142569992169 5
0.47966973836701476 3.1276451725393906 4
0.42458375351089117 3.344817163911571 4
0.14653836460920555 3.330496180011264 5
0.5312708616634824 3.040304450549746 5
0.14653836460920555 3.330496180011264 5
0.14653836460920555 3.330496180011264 5
0.5838181596057526 3.103744900889222 5
0.14653836460920555 3.330496180011264 5
0.14653836460920555 3.330496180011264 5
0.14653836460920555 3.330496180011264 5
0.14653836460920555 3.330496180011264 5
0.14653836460920555 3.330496180011264 5
0.14653836460920555 3.330496180011264 5
0.14653836460920555 3.330496180011264 5
0.5705712191821783 3.1660000173214975 5
0.584629422711586 3.127346676585513 5
0.14653836460920555 3.330496180011264 5
0.48080241404620394 2.943536421651355 2
0.5043294724334776 3.017037671857369 4
0.4818929288316176 3.1703411186512906 2
0.4245200476504303 2.969432829213744 4
0.5185625262177417 2.9894309157755488 5
0.5634105075605875 2.916765278191956 4
0.5493967580353554 2.7602612257204893 4
0.4643785367111415 2.8639282236037586 3
0.5739421146681808 2.9371255420525775 4
0.5320026053855728 3.0939442433068636 4
0.596159100014812 3.0693736357629673 4
0.5491319928350233 3.2824305914651593 1
0.5812258851771033 3.0864809175523455 4
0.5674878147752097 3.1709255592907346 5
0.5582337849023927 3.1820962590339277 2
0.15838450749388122 3.330496180011264 5
0.5258667164513396 3.131401766945094 4
0.5562443093168513 3.120359895022274 5
0.15838450749388122 3.330496180011264 5
0.5618570004439456 3.3231069209904405 5
0.4502827538396328 3.0760231482497953 4
0.5144059988238273 3.2592543174811426 5
0.5773098096148381 2.988131149949844 5
0.5076114851350771 3.204743113841375 5
0.5754433201577271 3.261743508710259 5
0.551379975505328 3.0352242576152837 4
0.5043423342143707 3.1901423329408742 5
0.5637687420375322 3.1693618800810124 5
0.5597356518419665 3.3417628363451346 5
0.5550749485463518 3.319490088489164 4
0.4696664829534718 3.418019389880832 5
0.46641047071343367 3.125586695647795 2
0.47338781247542405 3.398195715113915 5
0.5169603732759561 3.132925975417629 4
0.5353154396583997 3.090028403693668 3
0.5347349566916683 3.2135767590830104 4
0.4919617503937248 3.126052672590001 5
0.5116770180311421 3.0000621461767465 3
0.5378822981145711 3.2713974890538426 4
0.47995225440420297 3.1675864160802902 3
0.5232296331343905 3.188182280126557 5
0.5516154481097815 3.1516901642506308 5
0.531483787447497 2.9905230990802267 3
0.5309138495749371 3.234454836457938 4
0.4948251521153215 3.2521378705228154 3
0.40482982144862867 2.8362540213285574 3
0.3803304924755643 3.033126887276228 3
0.5141796815242089 3.150812624722405 3
0.4293529144875201 3.01909746689275 4
0.47385891278135883 2.9296638911917183 4
0.4279406330570368 2.9098172411328123 4
0.4240079908363439 3.2206534230405484 4
0.5442720491143408 3.0685458655216435 3
0.5035367924237995 3.2082929481115965 4
0.46604988903816624 3.274931923894462 4
0.4170995383794358 3.2820022395626363 4
0.44385993390477596 3.1811646805385534 4
0.482864407513358 3.2947208560209917 3
0.4639604080550286 3.0737838128665005 4
0.39496908126507924 3.145505897352201 4
0.040057782948669796 3.330496180011264 5
0.5024020961042776 2.9671164949636037 5
0.40970229187318985 2.9263029988750926 3
0.49489704490184905 3.0892490731751816 3
0.38507115768094136 2.882451968090263 5
0.50254814407241 3.390348456220618 3
0.33736898277934346 3.3471309348133182 4
0.512015701820403 3.141073460607038 4
0.5400473502139297 3.1198186528942613 3
0.4562913742820671 3.201699440998129 5
0.4813510657114317 3.0852873049758602 4
0.40856190708530815 3.216354802614565 5
0.41131627476983557 2.7628998920339827 2
0.4575172312174448 3.0948752088818137 5
0.31533108517829 3.193591835559785 4
0.46528920677572017 2.916765278191956 4
0.566248359772854 3.2148776354266206 3
0.4491460040510621 3.0815661292987793 5
0.5727760542620502 3.108812163626777 5
0.533552491992895 3.303681505578759 4
0.46376811964140674 2.85627415809809 5
0.12197558623345706 3.330496180011264 5
0.47997774730817033 3.2511802673093215 5
0.5474726180040742 2.868444050258927 5
0.5037477529142401 3.302106052165455 5
0.5010428192827421 3.1428488717745764 4
0.5445195927299943 3.287645608388979 5
0.5660676125277494 3.2404261568832995 4
0.3978967963899287 2.860936524584289 4
0.42126028011859296 2.8792042813613246 4
0.4560882619824249 2.622581006269315 3
0.29958317207741114 1.7963588213042014 4
0.47484475369691714 3.1203200820227734 4
0.4101683783520542 3.0513571620532556 5
0.47337993127444356 2.988043235233047 4
0.48047408580286666 2.921171677289835 5
0.4260361166579425 3.274253572609589 4
0.4315552456625762 3.0259455640877504 4
0.5360913169693133 2.6320776471141127 3
0.5211896361351522 3.0205714822163086 3
0.5267322450667443 3.1887426953846365 4
0.4727632858043078 3.042994174258238 5
0.4741114993130522 3.2429017733174814 5
0.16322202896766402 3.330496180011264 4
0.16322202896766402 3.330496180011264 5
0.10724799652537598 3.330496180011264 4
0.4385593198687052 3.1150488865126893 4
0.3921742267823479 3.1803711928952842 3
0.3323300861992995 3.1988352835422487 4
0.3547444610928314 3.19769145640372 4
0.35815584721592253 3.117920856263159 5
0.10724799652537598 3.330496180011264 4
0.38492974394570645 3.2345761622487443 4
0.42643177809818544 2.931439690017857 4
0.44344698841992414 2.940515893555574 4
0.39200086706670445 3.082272456610738 4
0.4043857554208884 2.934482362482189 4
0.4103362362899352 3.046075488022706 4
0.3659849338564559 3.106061066763593 4
0.3816456593018681 3.175334479689171 5
0.43606628285028615 3.2255030961687936 5
0.4151488060531816 2.961741171730214 4
0.477471484274701 3.150485094566885 5
0.3619441761926485 3.1297903416005877 4
0.37362852307516325 3.182401031125145 5
0.45855529322958843 3.298845359921355 3
0.45880326837734087 3.231487086037931 4
0.46134617941166767 3.0235512571024845 4
0.45511351904642816 3.023539189329025 5
0.48942466161477804 3.0680155714724666 4
0.4838343057851242 3.2913642224044857 3
0.44459389734869326 3.238067667195282 3
0.5154905910233206 2.9905230990802267 4
0.42904201197690384 3.0254632162403365 3
0.47280536364626946 3.25243295887496 5
0.4585182429893153 2.9761618140574533 3
0.4730435913048058 2.8128120229435414 4
0.3658462959360653 2.622503010307418 4
0.4641674149833809 3.0298868046373304 3
0.5906641123512013 3.240006414440108 4
0.5556154414423262 2.882368597778687 3
0.5928078691756503 3.0509764122260776 3
0.546179456373508 2.959937424729234 3
0.6124808667916125 2.743091493504467 4
0.48803611399785984 2.848563940440135 3
0.43722078060843517 3.0111742251607954 3
0.1396364325546824 3.330496180011264 5
0.1396364325546824 3.330496180011264 3
0.1396364325546824 3.330496180011264 3
0.1396364325546824 3.330496180011264 4
0.4554928476618252 3.408861043561899 4
0.4412809312589263 3.119696184255223 5
0.4153767608550054 3.106696859543968 5
0.3002170152639021 3.053117987566872 4
0.3919503347437039 3.0864809175523455 5
0.34478619408897104 3.130400951779599 4
0.37907961626657416 3.0128711264005843 3
0.03639547362303919 3.330496180011264 3
0.2305438080586416 2.7476122111039016 5
0.4350388168720295 3.0963207149851533 5
0.4350388168720295 3.0963207149851533 5
0.4350388168720295 3.0963207149851533 5
0.4350388168720295 3.0963207149851533 5
0.28844054112543394 3.015106445856736 4
0.3237708463152953 3.089740952647384 3
0.411809962713225 2.3061373768028144 3
0.46037505671233414 2.38432242566467 4
0.5712477911029813 3.4165721451033697 3
0.6026118383520035 3.390348456220618 4
0.5139539763301418 2.895422460768972 4
0.4713682526069284 2.4066484840402707 5
0.5661867158595643 3.1222954470724367 5
0.5391405781695894 3.0837740657898722 3
0.524548873060132 2.9464816932172204 4
0.50629000141611 3.0235970346893746 3
0.38867927342198205 2.243876013301795 4
0.46997455674220345 3.270609985459396 3
0.3563282795870083 2.05580759711673 4
0.4901612907405486 3.3098067091999903 5
0.46966385475610695 2.3948043698251893 4
0.35316784475577 3.048175350798503 3
0.37431539747755127 3.262710190389378 4
0.3522111011628166 3.362778785249221 1
0.3406551097539283 3.2318693840763038 4
0.3890789700067483 3.2551107325430735 3
0.36982168710639196 3.1950456536717575 4
0.39278316178784267 3.089918500250451 4
0.37797332874405154 2.7414072022073164 4
0.10015560960025349 3.330496180011264 2
0.36417048200195856 3.0490569585510308 4
0.3551968499938305 3.1681570840097635 4
0.32850861476350424 2.840794228770725 3
0.3426316421111988 3.424701510569003 5
0.3650450683320636 3.084351967222724 3
0.35234961910878093 3.1127021764734084 3
0.5652315304021538 3.2853288404525856 4
0.6059898028494418 3.058299843666752 4
0.5275714132769237 3.0578605885990493 3
0.22875537679178726 3.330496180011264 4
0.5747448998575755 3.0959538307299077 4
0.6096094840807459 3.117253319479024 4
0.553600466548114 3.1724601628173184 4
0.4581013757889527 3.1275620195698908 4
0.5411588914293357 3.228056054760628 4
0.6333319712577953 3.086303213314376 4
0.5479223495571629 3.2334385435542785 4
0.5630913205157909 3.1433219193329793 5
